Learning Rate	Epoch	BatchNum	DataNum	TrainLoss	TestLoss	TestAcc	Time
0.00010000     	9         	1440        	23040       	257.396737  	1.657306    	19.24     	2032.434671
0.00020000     	19        	3040        	48640       	253.379352  	1.716515    	21.03     	2104.772958
0.00030000     	29        	4640        	74240       	248.992925  	1.679781    	21.74     	2115.876118
0.00040000     	39        	6240        	99840       	245.473337  	1.708254    	21.85     	2117.806071
0.00050000     	49        	7840        	125440      	242.392245  	1.735536    	22.02     	2151.358081
0.00060000     	59        	9440        	151040      	238.148424  	1.806149    	20.84     	2124.590947
0.00070000     	69        	11040       	176640      	234.606791  	1.787176    	21.37     	2119.069097
0.00080000     	79        	12640       	202240      	231.868624  	1.849743    	22.11     	2112.222424
0.00090000     	89        	14240       	227840      	230.445423  	1.741273    	23.68     	2126.458163
0.00100000     	99        	15840       	253440      	227.598902  	1.789311    	22.76     	2145.547345
0.00099973     	109       	17440       	279040      	222.763456  	1.817169    	23.04     	2142.032627
0.00099890     	119       	19040       	304640      	219.614058  	1.825415    	21.99     	2130.937862
0.00099753     	129       	20640       	330240      	216.436442  	1.835498    	22.39     	2111.425692
0.00099562     	139       	22240       	355840      	213.786330  	1.851384    	24.20     	2107.073635
0.00099316     	149       	23840       	381440      	212.346412  	1.847239    	22.27     	2121.067035
0.00099017     	159       	25440       	407040      	209.806263  	2.058538    	21.77     	2129.612805
0.00098663     	169       	27040       	432640      	208.200854  	1.884699    	23.45     	2129.771518
0.00098257     	179       	28640       	458240      	205.797111  	1.867125    	22.53     	2117.567290
0.00097798     	189       	30240       	483840      	203.841519  	2.014624    	21.72     	2123.351434
0.00097286     	199       	31840       	509440      	202.617717  	1.896637    	23.13     	2122.466061
0.00096723     	209       	33440       	535040      	201.581751  	2.008163    	21.79     	2139.334084
0.00096110     	219       	35040       	560640      	200.439454  	2.020511    	21.40     	2136.883396
0.00095446     	229       	36640       	586240      	199.711227  	1.944094    	22.59     	2128.196779
0.00094733     	239       	38240       	611840      	200.282173  	1.961205    	21.74     	1951.885273
0.00093971     	249       	39840       	637440      	201.156284  	2.001761    	21.66     	1708.305374
0.00093162     	259       	41440       	663040      	201.693152  	2.054782    	21.66     	1710.124059
0.00092307     	269       	43040       	688640      	202.640027  	1.990648    	21.43     	1713.582254
0.00091406     	279       	44640       	714240      	202.571710  	2.044304    	21.98     	1719.340237
0.00090460     	289       	46240       	739840      	202.830405  	1.894980    	21.56     	1366.465097
0.00089472     	299       	47840       	765440      	203.056574  	1.987648    	22.57     	1312.991237
0.00088442     	309       	49440       	791040      	203.026858  	1.919065    	20.14     	1316.563198
0.00087370     	319       	51040       	816640      	203.957463  	1.836099    	22.21     	1319.104472
0.00086260     	329       	52640       	842240      	205.240364  	1.867903    	19.57     	1319.993164
0.00085111     	339       	54240       	867840      	205.981655  	1.909629    	21.68     	1319.700266
0.00083925     	349       	55840       	893440      	206.211088  	1.979887    	22.48     	1311.747077
0.00082705     	359       	57440       	919040      	205.902305  	1.935938    	22.05     	1307.027861
0.00081450     	369       	59040       	944640      	206.755614  	2.069848    	21.55     	1303.455781
0.00080164     	379       	60640       	970240      	205.430533  	1.924757    	22.16     	1321.138901
0.00078846     	389       	62240       	995840      	204.513504  	1.882033    	21.14     	1306.599263
0.00077500     	399       	63840       	1021440     	204.509472  	1.951292    	21.23     	1311.429534
0.00076126     	409       	65440       	1047040     	204.462255  	1.953018    	21.30     	1314.570175
0.00074727     	419       	67040       	1072640     	204.289661  	1.986565    	22.08     	1307.278962
0.00073303     	429       	68640       	1098240     	204.968239  	1.911285    	22.52     	1316.766023
0.00071857     	439       	70240       	1123840     	205.073147  	2.098341    	20.53     	1309.976893
0.00070391     	449       	71840       	1149440     	204.926158  	2.096892    	19.30     	1315.397468
0.00068906     	459       	73440       	1175040     	204.852026  	1.912529    	20.71     	1319.034184
0.00067404     	469       	75040       	1200640     	203.973076  	1.953974    	21.38     	1311.215471
0.00065886     	479       	76640       	1226240     	203.502652  	2.104056    	19.44     	1263.767656
0.00064356     	489       	78240       	1251840     	202.691207  	1.927367    	21.11     	1304.740896
0.00062814     	499       	79840       	1277440     	202.347366  	2.042889    	21.12     	1307.049639
0.00061263     	509       	81440       	1303040     	202.287164  	1.974997    	20.88     	1313.376411
0.00059704     	519       	83040       	1328640     	202.199713  	1.964225    	21.73     	1659.480834
0.00058139     	529       	84640       	1354240     	201.673576  	2.041203    	18.92     	2149.838586
0.00056570     	539       	86240       	1379840     	201.550510  	2.010297    	21.22     	2158.769516
0.00055000     	549       	87840       	1405440     	201.207225  	2.143885    	20.07     	2139.364213
0.00053430     	559       	89440       	1431040     	201.267637  	2.130263    	18.84     	2140.937961
0.00051861     	569       	91040       	1456640     	201.660382  	2.034416    	20.70     	2148.006724
0.00050296     	579       	92640       	1482240     	201.073115  	2.187267    	20.11     	2142.560425
0.00048737     	589       	94240       	1507840     	198.912520  	2.058055    	19.83     	2160.222813
0.00047186     	599       	95840       	1533440     	200.157352  	2.126100    	20.67     	2151.851113
0.00045644     	609       	97440       	1559040     	200.947302  	2.051847    	21.74     	2151.589561
0.00044114     	619       	99040       	1584640     	200.305574  	1.988548    	22.21     	2143.166370
0.00042596     	629       	100640      	1610240     	199.739553  	2.198808    	22.02     	3141.124772
0.00041094     	639       	102240      	1635840     	199.685203  	1.952483    	21.62     	2115.072015
0.00039609     	649       	103840      	1661440     	197.058586  	2.072647    	20.95     	2158.969733
0.00038143     	659       	105440      	1687040     	196.761240  	2.169358    	20.28     	2146.740982
0.00036697     	669       	107040      	1712640     	195.989788  	2.162827    	20.20     	2144.919232
0.00035273     	679       	108640      	1738240     	194.479562  	2.091129    	21.29     	2141.627281
0.00033874     	689       	110240      	1763840     	194.457585  	2.141843    	20.66     	2154.990235
0.00032500     	699       	111840      	1789440     	193.464234  	2.122747    	20.91     	2144.887797
0.00031154     	709       	113440      	1815040     	192.230556  	2.125174    	21.27     	2055.880820
0.00029836     	719       	115040      	1840640     	193.505053  	2.295522    	20.06     	2229.896130
0.00028550     	729       	116640      	1866240     	192.723193  	2.189330    	20.81     	2130.338767
0.00027295     	739       	118240      	1891840     	192.079913  	2.134417    	20.65     	2823.800709
0.00026075     	749       	119840      	1917440     	192.611895  	2.241599    	21.53     	2202.404312
0.00024889     	759       	121440      	1943040     	190.138292  	2.170768    	20.11     	2196.237946
0.00023740     	769       	123040      	1968640     	190.155547  	2.172983    	20.33     	1308.870268
0.00022630     	779       	124640      	1994240     	190.256007  	2.181184    	19.98     	2168.185669
0.00021558     	789       	126240      	2019840     	190.129556  	2.203856    	20.59     	2155.011679
0.00020528     	799       	127840      	2045440     	189.094566  	2.214237    	20.59     	2164.249622
0.00019540     	809       	129440      	2071040     	187.872917  	2.425928    	19.85     	2154.465529
0.00018594     	819       	131040      	2096640     	187.188172  	2.238790    	20.97     	2158.954626
0.00017693     	829       	132640      	2122240     	186.609197  	2.320312    	20.81     	2149.923618
0.00016838     	839       	134240      	2147840     	187.025947  	2.233262    	20.26     	2160.003517
0.00016029     	849       	135840      	2173440     	187.639557  	2.184847    	22.34     	2147.880149
0.00015267     	859       	137440      	2199040     	186.837963  	2.232789    	20.99     	2149.393109
0.00014554     	869       	139040      	2224640     	186.855342  	2.253055    	21.05     	2173.471495
0.00013890     	879       	140640      	2250240     	186.396278  	2.216793    	21.10     	2144.370173
0.00013277     	889       	142240      	2275840     	186.494508  	2.325765    	21.60     	2453.602471
0.00012714     	899       	143840      	2301440     	185.576316  	2.228676    	21.87     	2352.800057
0.00012202     	909       	145440      	2327040     	185.490497  	2.253400    	20.83     	2148.881399
0.00011743     	919       	147040      	2352640     	185.281211  	2.226895    	20.54     	2217.444028
0.00011337     	929       	148640      	2378240     	184.585016  	2.258133    	21.77     	2174.931382
0.00010983     	939       	150240      	2403840     	184.652276  	2.357838    	20.55     	2107.203426
0.00010684     	949       	151840      	2429440     	183.836596  	2.276926    	21.25     	3598.401128
0.00010438     	959       	153440      	2455040     	183.336929  	2.332849    	20.91     	3545.487450
0.00010247     	969       	155040      	2480640     	183.332244  	2.229442    	21.59     	3149.406639
0.00010110     	979       	156640      	2506240     	182.816013  	2.277914    	20.98     	2979.018072
0.00010027     	989       	158240      	2531840     	183.237379  	2.258057    	21.52     	3296.606902
0.00010000     	999       	159840      	2557440     	183.074751  	2.358388    	20.67     	3116.379556
