Learning Rate	Epoch	BatchNum	DataNum	TrainLoss	TestLoss	TestAcc	Time
0.00010000     	9         	1440        	23040       	252.474565  	1.707680    	18.44     	1780.185675
0.00020000     	19        	3040        	48640       	244.678325  	1.774871    	18.98     	1769.764533
0.00030000     	29        	4640        	74240       	239.497947  	1.795502    	17.81     	1753.388646
0.00040000     	39        	6240        	99840       	235.746527  	1.807660    	20.70     	1759.138233
0.00050000     	49        	7840        	125440      	231.992509  	1.793396    	20.86     	1739.563612
0.00060000     	59        	9440        	151040      	226.894787  	1.830319    	22.11     	1751.783987
0.00070000     	69        	11040       	176640      	222.359968  	1.769548    	24.45     	1766.864083
0.00080000     	79        	12640       	202240      	214.597032  	1.662529    	28.28     	1757.577730
0.00090000     	89        	14240       	227840      	205.807743  	1.710179    	24.92     	1768.445444
0.00100000     	99        	15840       	253440      	197.167075  	1.710614    	26.64     	1758.100616
0.00099973     	109       	17440       	279040      	194.218414  	1.669335    	31.33     	1764.573529
0.00099890     	119       	19040       	304640      	191.126557  	1.626925    	30.23     	1760.108782
0.00099753     	129       	20640       	330240      	185.267515  	1.648946    	30.86     	1751.494564
0.00099562     	139       	22240       	355840      	172.944936  	1.651926    	35.00     	1746.542228
0.00099316     	149       	23840       	381440      	168.451136  	1.626491    	34.92     	1750.459755
0.00099017     	159       	25440       	407040      	163.483409  	1.611216    	35.62     	1753.008144
0.00098663     	169       	27040       	432640      	157.086824  	1.674937    	34.22     	1742.647875
0.00098257     	179       	28640       	458240      	155.174313  	1.730804    	34.61     	1738.033428
0.00097798     	189       	30240       	483840      	149.957741  	1.528830    	38.59     	1738.498824
0.00097286     	199       	31840       	509440      	149.367397  	1.610174    	36.88     	1733.857241
0.00096723     	209       	33440       	535040      	145.745076  	1.653732    	36.17     	1738.631284
0.00096110     	219       	35040       	560640      	143.656855  	1.625907    	34.53     	1748.279681
0.00095446     	229       	36640       	586240      	142.163244  	1.629573    	34.45     	1750.176190
0.00094733     	239       	38240       	611840      	137.251251  	1.678635    	38.83     	1750.211425
0.00093971     	249       	39840       	637440      	138.664315  	1.699411    	34.53     	1750.567254
0.00093162     	259       	41440       	663040      	138.708587  	1.605744    	39.14     	1737.248265
0.00092307     	269       	43040       	688640      	137.770305  	1.588296    	36.80     	1747.451795
0.00091406     	279       	44640       	714240      	134.845838  	1.653903    	37.42     	1741.643765
0.00090460     	289       	46240       	739840      	129.597237  	1.632134    	38.98     	1748.707411
0.00089472     	299       	47840       	765440      	127.766851  	1.592032    	39.22     	1747.107072
0.00088442     	309       	49440       	791040      	126.445039  	1.538966    	42.19     	1743.177586
0.00087370     	319       	51040       	816640      	124.625274  	1.648651    	40.47     	1746.455922
0.00086260     	329       	52640       	842240      	121.286034  	1.601912    	38.75     	1731.256551
0.00085111     	339       	54240       	867840      	123.322530  	1.544055    	39.53     	1738.550706
0.00083925     	349       	55840       	893440      	123.687624  	1.582291    	39.77     	1733.972244
0.00082705     	359       	57440       	919040      	122.120855  	1.662963    	35.31     	1740.198223
0.00081450     	369       	59040       	944640      	122.392096  	1.574847    	39.92     	1744.333707
0.00080164     	379       	60640       	970240      	118.869937  	1.563882    	41.09     	1731.165010
0.00078846     	389       	62240       	995840      	116.016362  	1.545711    	41.88     	1733.975358
0.00077500     	399       	63840       	1021440     	115.088785  	1.577872    	40.62     	1737.552869
0.00076126     	409       	65440       	1047040     	114.096315  	1.576488    	42.03     	1746.097609
0.00074727     	419       	67040       	1072640     	111.868620  	1.580940    	41.95     	1739.195382
0.00073303     	429       	68640       	1098240     	109.457158  	1.559249    	41.17     	1751.944194
0.00071857     	439       	70240       	1123840     	105.610176  	1.479332    	43.75     	1750.661162
0.00070391     	449       	71840       	1149440     	101.497023  	1.555650    	42.42     	1745.645164
0.00068906     	459       	73440       	1175040     	101.882763  	1.556170    	41.72     	1743.534910
0.00067404     	469       	75040       	1200640     	98.450939   	1.585380    	39.06     	1736.076130
0.00065886     	479       	76640       	1226240     	98.063687   	1.590589    	46.33     	1736.451557
0.00064356     	489       	78240       	1251840     	97.676320   	1.548009    	41.33     	1725.689704
0.00062814     	499       	79840       	1277440     	94.470522   	1.541760    	43.20     	1737.892973
0.00061263     	509       	81440       	1303040     	94.297363   	1.563808    	42.03     	1740.177208
0.00059704     	519       	83040       	1328640     	92.171822   	1.541047    	44.77     	1750.332178
0.00058139     	529       	84640       	1354240     	92.321832   	1.588489    	41.02     	1738.155479
0.00056570     	539       	86240       	1379840     	91.661697   	1.552897    	41.02     	1738.345156
0.00055000     	549       	87840       	1405440     	90.072304   	1.551420    	41.25     	1743.944688
0.00053430     	559       	89440       	1431040     	88.500872   	1.536531    	41.64     	1747.404678
0.00051861     	569       	91040       	1456640     	86.886416   	1.558533    	42.97     	1739.176408
0.00050296     	579       	92640       	1482240     	87.465255   	1.584645    	42.97     	1728.746487
0.00048737     	589       	94240       	1507840     	85.716868   	1.525869    	46.02     	1730.937627
0.00047186     	599       	95840       	1533440     	84.684664   	1.559182    	43.20     	1731.156598
0.00045644     	609       	97440       	1559040     	83.815942   	1.508668    	47.34     	1733.618539
0.00044114     	619       	99040       	1584640     	82.154087   	1.552079    	43.75     	1733.188206
0.00042596     	629       	100640      	1610240     	79.014880   	1.570019    	43.12     	1739.211864
0.00041094     	639       	102240      	1635840     	77.506002   	1.500417    	44.84     	1738.695202
0.00039609     	649       	103840      	1661440     	75.324031   	1.535060    	43.44     	1754.741567
0.00038143     	659       	105440      	1687040     	74.709533   	1.533149    	44.45     	1753.882601
0.00036697     	669       	107040      	1712640     	72.963558   	1.595441    	44.84     	1745.343315
0.00035273     	679       	108640      	1738240     	71.151921   	1.556720    	44.14     	1728.960006
0.00033874     	689       	110240      	1763840     	70.281593   	1.596854    	44.77     	1741.561274
0.00032500     	699       	111840      	1789440     	69.278696   	1.574964    	45.94     	1742.969117
0.00031154     	709       	113440      	1815040     	69.090215   	1.550194    	47.19     	1755.002647
0.00029836     	719       	115040      	1840640     	67.432288   	1.652841    	43.59     	1745.262129
0.00028550     	729       	116640      	1866240     	66.200294   	1.615825    	44.53     	1736.081327
0.00027295     	739       	118240      	1891840     	65.252221   	1.618858    	42.34     	1735.723910
0.00026075     	749       	119840      	1917440     	63.569317   	1.631281    	45.62     	1737.418076
0.00024889     	759       	121440      	1943040     	62.626811   	1.669508    	44.30     	1735.628081
0.00023740     	769       	123040      	1968640     	62.545176   	1.637457    	44.69     	1729.792092
0.00022630     	779       	124640      	1994240     	61.880816   	1.627831    	43.28     	1744.246503
0.00021558     	789       	126240      	2019840     	61.167566   	1.635663    	44.30     	1739.877093
0.00020528     	799       	127840      	2045440     	60.210001   	1.611921    	45.62     	1739.879599
0.00019540     	809       	129440      	2071040     	59.613234   	1.597130    	45.16     	1737.228715
0.00018594     	819       	131040      	2096640     	58.234836   	1.652692    	45.00     	1738.142298
0.00017693     	829       	132640      	2122240     	57.929544   	1.577704    	48.91     	1743.322298
0.00016838     	839       	134240      	2147840     	56.980425   	1.641769    	46.41     	1743.350868
0.00016029     	849       	135840      	2173440     	56.948852   	1.578021    	47.73     	1732.247597
0.00015267     	859       	137440      	2199040     	55.702877   	1.598069    	46.09     	1732.862886
0.00014554     	869       	139040      	2224640     	55.481463   	1.612561    	45.23     	1742.405618
0.00013890     	879       	140640      	2250240     	54.225633   	1.611663    	45.62     	1742.106064
0.00013277     	889       	142240      	2275840     	54.164844   	1.611845    	48.36     	1751.578599
0.00012714     	899       	143840      	2301440     	54.205558   	1.648407    	45.00     	1746.228995
0.00012202     	909       	145440      	2327040     	53.940745   	1.602319    	46.72     	1747.201560
0.00011743     	919       	147040      	2352640     	52.608771   	1.596802    	46.33     	1775.833627
0.00011337     	929       	148640      	2378240     	52.703135   	1.612008    	46.02     	1762.392907
0.00010983     	939       	150240      	2403840     	52.365504   	1.637029    	44.84     	1765.544670
0.00010684     	949       	151840      	2429440     	51.497742   	1.587002    	46.64     	1766.538066
0.00010438     	959       	153440      	2455040     	51.468558   	1.600731    	46.72     	1787.038912
0.00010247     	969       	155040      	2480640     	51.044186   	1.614458    	46.95     	1768.263949
0.00010110     	979       	156640      	2506240     	49.947025   	1.660464    	45.55     	1809.838387
0.00010027     	989       	158240      	2531840     	50.101610   	1.665944    	46.48     	1800.961055
0.00010000     	999       	159840      	2557440     	50.007723   	1.597113    	49.84     	1795.536090
