Learning Rate	Epoch	BatchNum	DataNum	TrainLoss	TestLoss	TestAcc	Time
0.00010000     	9         	720         	23040       	126.428990  	1.685475    	18.14     	2163.973551
0.00020000     	19        	1520        	48640       	122.620638  	1.730753    	18.35     	1748.732760
0.00030000     	29        	2320        	74240       	120.938625  	1.740350    	19.63     	1851.186238
0.00040000     	39        	3120        	99840       	119.304845  	1.785310    	19.09     	1820.103149
0.00050000     	49        	3920        	125440      	118.401960  	1.792030    	19.77     	1667.455326
0.00060000     	59        	4720        	151040      	117.150467  	1.804653    	20.27     	1977.998771
0.00070000     	69        	5520        	176640      	116.073914  	1.902150    	18.65     	1336.258094
0.00080000     	79        	6320        	202240      	114.642420  	1.851753    	18.79     	1572.656433
0.00090000     	89        	7120        	227840      	113.494314  	1.925992    	17.29     	1677.102474
0.00100000     	99        	7920        	253440      	111.742714  	1.903803    	19.06     	1042.986219
0.00099973     	109       	8720        	279040      	110.567335  	1.961901    	20.02     	1524.939691
0.00099890     	119       	9520        	304640      	109.011121  	1.950779    	21.05     	1832.094414
0.00099753     	129       	10320       	330240      	107.027841  	1.981139    	19.13     	1655.440947
0.00099562     	139       	11120       	355840      	105.713949  	2.061383    	19.72     	693.474946
0.00099316     	149       	11920       	381440      	104.177720  	2.049086    	19.34     	691.416274
0.00099017     	159       	12720       	407040      	102.263225  	2.113896    	19.90     	716.325049
0.00098663     	169       	13520       	432640      	101.128278  	2.076097    	20.20     	721.792971
0.00098257     	179       	14320       	458240      	99.569348   	2.117621    	20.80     	787.439757
0.00097798     	189       	15120       	483840      	98.416753   	2.076830    	20.27     	1295.796413
0.00097286     	199       	15920       	509440      	97.519272   	2.190948    	19.51     	1469.654179
0.00096723     	209       	16720       	535040      	96.205433   	2.121013    	21.02     	883.362055
0.00096110     	219       	17520       	560640      	95.228516   	2.151320    	20.26     	788.503936
0.00095446     	229       	18320       	586240      	94.550046   	2.190227    	19.73     	736.950088
0.00094733     	239       	19120       	611840      	93.086346   	2.197356    	20.71     	698.489724
0.00093971     	249       	19920       	637440      	92.337368   	2.147739    	20.23     	1010.281420
0.00093162     	259       	20720       	663040      	91.584600   	2.162733    	20.76     	1811.914216
0.00092307     	269       	21520       	688640      	90.541502   	2.161372    	21.35     	798.743666
0.00091406     	279       	22320       	714240      	90.415478   	2.200764    	21.08     	724.248865
0.00090460     	289       	23120       	739840      	89.749996   	2.252972    	21.29     	723.796581
0.00089472     	299       	23920       	765440      	88.207832   	2.164346    	21.88     	735.487708
0.00088442     	309       	24720       	791040      	87.213592   	2.234569    	20.93     	714.972704
0.00087370     	319       	25520       	816640      	86.592057   	2.189780    	21.84     	1607.056972
0.00086260     	329       	26320       	842240      	86.334991   	2.220510    	21.47     	1161.086459
0.00085111     	339       	27120       	867840      	85.670202   	2.244070    	22.48     	708.472463
0.00083925     	349       	27920       	893440      	85.674790   	2.199470    	21.72     	716.767557
0.00082705     	359       	28720       	919040      	84.816154   	2.192364    	21.58     	1640.694930
0.00081450     	369       	29520       	944640      	83.773879   	2.293161    	21.81     	1251.212594
0.00080164     	379       	30320       	970240      	83.309009   	2.280428    	22.10     	717.739200
0.00078846     	389       	31120       	995840      	82.129811   	2.336714    	22.89     	710.999813
0.00077500     	399       	31920       	1021440     	81.416334   	2.299252    	22.50     	727.634242
0.00076126     	409       	32720       	1047040     	81.434628   	2.250647    	22.38     	712.364321
0.00074727     	419       	33520       	1072640     	80.248556   	2.319442    	21.56     	1771.679984
0.00073303     	429       	34320       	1098240     	80.364241   	2.318984    	21.72     	1582.319049
0.00071857     	439       	35120       	1123840     	80.215102   	2.277477    	21.84     	698.323721
0.00070391     	449       	35920       	1149440     	79.776984   	2.345710    	22.23     	713.138638
0.00068906     	459       	36720       	1175040     	78.818931   	2.241442    	22.86     	1151.256910
0.00067404     	469       	37520       	1200640     	78.607695   	2.307029    	22.33     	710.120180
0.00065886     	479       	38320       	1226240     	77.709098   	2.346923    	22.05     	716.348025
0.00064356     	489       	39120       	1251840     	78.077129   	2.420614    	20.77     	730.157213
0.00062814     	499       	39920       	1277440     	77.398908   	2.319640    	21.19     	699.686574
0.00061263     	509       	40720       	1303040     	76.724086   	2.341523    	21.68     	778.303121
0.00059704     	519       	41520       	1328640     	76.202241   	2.364689    	22.85     	722.453414
0.00058139     	529       	42320       	1354240     	75.932441   	2.291058    	21.83     	728.748724
0.00056570     	539       	43120       	1379840     	75.584567   	2.362069    	21.80     	703.587398
0.00055000     	549       	43920       	1405440     	76.032287   	2.385202    	21.29     	704.600542
0.00053430     	559       	44720       	1431040     	74.783212   	2.455178    	22.34     	710.151929
0.00051861     	569       	45520       	1456640     	74.663192   	2.371991    	20.99     	718.357279
0.00050296     	579       	46320       	1482240     	74.147731   	2.404953    	21.20     	699.961489
0.00048737     	589       	47120       	1507840     	73.693898   	2.449009    	22.27     	716.945996
0.00047186     	599       	47920       	1533440     	73.583317   	2.431102    	22.66     	759.979546
0.00045644     	609       	48720       	1559040     	73.184483   	2.439178    	21.95     	711.299956
0.00044114     	619       	49520       	1584640     	72.693661   	2.265791    	21.84     	722.023473
0.00042596     	629       	50320       	1610240     	72.493177   	2.408151    	22.97     	707.612444
0.00041094     	639       	51120       	1635840     	72.811630   	2.465660    	21.80     	801.818630
0.00039609     	649       	51920       	1661440     	72.162277   	2.381217    	21.77     	748.500500
0.00038143     	659       	52720       	1687040     	72.154081   	2.370046    	22.20     	640.993831
0.00036697     	669       	53520       	1712640     	71.884573   	2.377051    	22.92     	725.299075
0.00035273     	679       	54320       	1738240     	71.028037   	2.436951    	21.22     	695.865971
0.00033874     	689       	55120       	1763840     	71.009314   	2.395238    	21.86     	741.624211
0.00032500     	699       	55920       	1789440     	70.680548   	2.443946    	21.36     	736.768083
0.00031154     	709       	56720       	1815040     	70.342752   	2.396776    	21.18     	718.837257
0.00029836     	719       	57520       	1840640     	70.112746   	2.416130    	20.73     	712.089305
0.00028550     	729       	58320       	1866240     	69.533739   	2.412303    	21.83     	711.098192
0.00027295     	739       	59120       	1891840     	69.089122   	2.374498    	22.52     	721.410198
0.00026075     	749       	59920       	1917440     	68.791031   	2.518043    	22.19     	723.748252
0.00024889     	759       	60720       	1943040     	68.764497   	2.493415    	21.48     	707.880218
0.00023740     	769       	61520       	1968640     	69.019693   	2.490299    	22.29     	706.679015
0.00022630     	779       	62320       	1994240     	68.790699   	2.404187    	21.99     	855.402559
0.00021558     	789       	63120       	2019840     	68.704148   	2.457709    	22.27     	677.967714
0.00020528     	799       	63920       	2045440     	68.507029   	2.461327    	22.64     	742.914157
0.00019540     	809       	64720       	2071040     	67.991667   	2.530184    	22.44     	684.107497
0.00018594     	819       	65520       	2096640     	68.133751   	2.420811    	22.40     	717.614630
0.00017693     	829       	66320       	2122240     	67.951574   	2.536938    	21.75     	931.143659
0.00016838     	839       	67120       	2147840     	67.394495   	2.493719    	21.92     	731.615524
0.00016029     	849       	67920       	2173440     	67.135137   	2.459510    	23.06     	1393.406388
0.00015267     	859       	68720       	2199040     	67.078862   	2.458478    	22.41     	710.317917
0.00014554     	869       	69520       	2224640     	67.163437   	2.446494    	22.32     	702.618333
0.00013890     	879       	70320       	2250240     	67.317639   	2.543729    	21.91     	704.316622
0.00013277     	889       	71120       	2275840     	66.537474   	2.454021    	22.48     	713.786838
0.00012714     	899       	71920       	2301440     	66.815267   	2.526251    	21.41     	724.562582
0.00012202     	909       	72720       	2327040     	66.704378   	2.467819    	22.16     	683.944846
0.00011743     	919       	73520       	2352640     	66.228046   	2.481806    	22.91     	705.523386
0.00011337     	929       	74320       	2378240     	66.169714   	2.403440    	23.05     	713.264773
0.00010983     	939       	75120       	2403840     	66.001442   	2.437653    	21.86     	725.508981
0.00010684     	949       	75920       	2429440     	64.895087   	2.518890    	21.95     	710.979050
0.00010438     	959       	76720       	2455040     	65.580030   	2.459818    	22.89     	686.661401
0.00010247     	969       	77520       	2480640     	65.743923   	2.425168    	22.34     	713.098443
0.00010110     	979       	78320       	2506240     	65.320306   	2.500945    	23.12     	739.776920
0.00010027     	989       	79120       	2531840     	65.453679   	2.504727    	21.96     	719.072376
0.00010000     	999       	79920       	2557440     	65.534324   	2.496874    	22.18     	588.958942
