Learning Rate	Epoch	BatchNum	DataNum	TrainLoss	TestLoss	TestAcc	Time
0.00010000     	9         	1440        	23040       	252.666820  	1.694212    	19.19     	1492.654598
0.00020000     	19        	3040        	48640       	245.010820  	1.751395    	17.94     	1559.455320
0.00030000     	29        	4640        	74240       	241.805005  	1.702590    	21.17     	1512.764265
0.00040000     	39        	6240        	99840       	238.708006  	1.798165    	18.52     	1515.813311
0.00050000     	49        	7840        	125440      	236.617852  	1.776363    	21.73     	1512.562347
0.00060000     	59        	9440        	151040      	232.182306  	1.788345    	20.73     	1505.704350
0.00070000     	69        	11040       	176640      	229.332389  	1.875552    	19.79     	1521.084169
0.00080000     	79        	12640       	202240      	226.388648  	1.885885    	19.47     	1510.813599
0.00090000     	89        	14240       	227840      	223.458485  	1.959628    	18.70     	1505.327733
0.00100000     	99        	15840       	253440      	220.961184  	1.944426    	19.16     	1517.305801
0.00099973     	109       	17440       	279040      	218.193848  	1.976564    	20.04     	1497.457794
0.00099890     	119       	19040       	304640      	214.350718  	1.955513    	20.54     	1515.952632
0.00099753     	129       	20640       	330240      	211.555399  	2.004198    	19.59     	1508.605242
0.00099562     	139       	22240       	355840      	208.472898  	2.027883    	20.35     	1511.654932
0.00099316     	149       	23840       	381440      	205.743054  	2.027332    	20.15     	1498.716451
0.00099017     	159       	25440       	407040      	202.909177  	2.100377    	19.52     	2507.975480
0.00098663     	169       	27040       	432640      	201.337548  	2.106632    	20.39     	1366.037822
0.00098257     	179       	28640       	458240      	198.401929  	2.109223    	20.18     	1512.212813
0.00097798     	189       	30240       	483840      	198.083982  	2.091413    	20.57     	1505.859275
0.00097286     	199       	31840       	509440      	196.110075  	2.216523    	19.55     	1516.715367
0.00096723     	209       	33440       	535040      	193.207069  	2.169577    	19.95     	1498.406702
0.00096110     	219       	35040       	560640      	191.282367  	2.157278    	21.41     	1519.810593
0.00095446     	229       	36640       	586240      	189.914445  	2.198014    	21.51     	1494.537746
0.00094733     	239       	38240       	611840      	188.457091  	2.266094    	20.52     	1516.237683
0.00093971     	249       	39840       	637440      	187.258470  	2.151967    	20.91     	1489.351540
0.00093162     	259       	41440       	663040      	186.621425  	2.182549    	20.34     	1515.114830
0.00092307     	269       	43040       	688640      	184.331950  	2.161052    	21.86     	1621.931804
0.00091406     	279       	44640       	714240      	183.257936  	2.192431    	22.07     	1528.251432
0.00090460     	289       	46240       	739840      	181.505455  	2.198370    	21.45     	1509.642121
0.00089472     	299       	47840       	765440      	179.838583  	2.224824    	20.27     	1475.803028
0.00088442     	309       	49440       	791040      	178.559718  	2.238126    	20.92     	1523.839824
0.00087370     	319       	51040       	816640      	177.850584  	2.140674    	20.95     	2201.519427
0.00086260     	329       	52640       	842240      	177.889940  	2.192387    	20.78     	1864.526356
0.00085111     	339       	54240       	867840      	175.492987  	2.280780    	21.43     	1495.522703
0.00083925     	349       	55840       	893440      	175.099164  	2.299997    	21.18     	2131.707569
0.00082705     	359       	57440       	919040      	173.448332  	2.193639    	21.01     	1509.983750
0.00081450     	369       	59040       	944640      	171.935423  	2.234108    	20.66     	1508.034853
0.00080164     	379       	60640       	970240      	171.299505  	2.297164    	22.28     	1503.108063
0.00078846     	389       	62240       	995840      	169.866452  	2.254876    	21.77     	1520.879997
0.00077500     	399       	63840       	1021440     	169.145812  	2.312916    	21.16     	1503.081325
0.00076126     	409       	65440       	1047040     	169.403276  	2.220565    	23.05     	1513.090176
0.00074727     	419       	67040       	1072640     	166.919859  	2.332384    	20.76     	1510.419382
0.00073303     	429       	68640       	1098240     	165.730809  	2.333810    	22.62     	1506.945079
0.00071857     	439       	70240       	1123840     	164.742965  	2.286306    	21.93     	1500.215569
0.00070391     	449       	71840       	1149440     	165.540516  	2.234213    	22.35     	1519.048012
0.00068906     	459       	73440       	1175040     	162.745288  	2.292598    	21.75     	1508.557624
0.00067404     	469       	75040       	1200640     	162.905607  	2.197844    	21.18     	1505.905452
0.00065886     	479       	76640       	1226240     	161.973298  	2.240671    	21.26     	1517.602397
0.00064356     	489       	78240       	1251840     	161.295566  	2.273436    	20.80     	1497.649388
0.00062814     	499       	79840       	1277440     	159.521954  	2.282277    	21.97     	1522.354105
0.00061263     	509       	81440       	1303040     	158.482274  	2.307156    	21.48     	1509.872760
0.00059704     	519       	83040       	1328640     	158.107245  	2.291481    	22.48     	1515.397315
0.00058139     	529       	84640       	1354240     	157.803194  	2.331505    	22.12     	1402.034115
0.00056570     	539       	86240       	1379840     	157.261281  	2.305246    	22.30     	1777.298098
0.00055000     	549       	87840       	1405440     	157.390308  	2.354025    	21.95     	1285.398048
0.00053430     	559       	89440       	1431040     	155.593085  	2.426681    	22.39     	1539.417473
0.00051861     	569       	91040       	1456640     	156.074078  	2.318498    	21.86     	1489.396876
0.00050296     	579       	92640       	1482240     	154.429402  	2.385794    	22.43     	1512.529890
0.00048737     	589       	94240       	1507840     	153.855616  	2.436832    	22.59     	1377.858399
0.00047186     	599       	95840       	1533440     	153.456282  	2.314302    	23.06     	1523.608049
0.00045644     	609       	97440       	1559040     	152.162537  	2.405331    	22.76     	3356.705186
0.00044114     	619       	99040       	1584640     	152.158780  	2.367291    	21.72     	3296.962655
0.00042596     	629       	100640      	1610240     	150.592721  	2.392564    	22.59     	2965.487361
0.00041094     	639       	102240      	1635840     	150.347362  	2.385740    	22.96     	3176.038170
0.00039609     	649       	103840      	1661440     	149.285347  	2.396240    	21.77     	3244.683183
0.00038143     	659       	105440      	1687040     	149.644922  	2.351575    	22.75     	2587.550053
0.00036697     	669       	107040      	1712640     	148.772576  	2.403633    	22.66     	3341.801784
0.00035273     	679       	108640      	1738240     	147.498236  	2.464230    	22.92     	1538.500604
0.00033874     	689       	110240      	1763840     	147.466729  	2.368621    	22.95     	1515.157753
0.00032500     	699       	111840      	1789440     	145.364306  	2.457918    	22.34     	1556.069849
0.00031154     	709       	113440      	1815040     	145.766858  	2.383639    	22.90     	3070.276280
0.00029836     	719       	115040      	1840640     	145.382119  	2.494087    	21.84     	1215.642707
0.00028550     	729       	116640      	1866240     	144.403591  	2.503963    	22.54     	1204.189998
0.00027295     	739       	118240      	1891840     	143.497659  	2.466347    	22.70     	3351.737712
0.00026075     	749       	119840      	1917440     	143.361140  	2.447119    	22.71     	1216.169095
0.00024889     	759       	121440      	1943040     	143.748629  	2.477408    	22.54     	1261.475745
0.00023740     	769       	123040      	1968640     	142.979257  	2.366221    	22.91     	2511.297127
0.00022630     	779       	124640      	1994240     	141.532338  	2.409753    	22.44     	1159.384329
0.00021558     	789       	126240      	2019840     	140.996606  	2.386749    	23.32     	1234.783649
0.00020528     	799       	127840      	2045440     	141.425436  	2.475146    	22.52     	2480.443107
0.00019540     	809       	129440      	2071040     	140.700446  	2.404135    	23.76     	1244.811843
0.00018594     	819       	131040      	2096640     	140.087347  	2.451479    	23.02     	1214.195415
0.00017693     	829       	132640      	2122240     	140.822514  	2.356229    	22.63     	1236.732078
0.00016838     	839       	134240      	2147840     	139.507524  	2.469042    	23.08     	2495.475621
0.00016029     	849       	135840      	2173440     	139.927876  	2.374674    	22.59     	1254.187342
0.00015267     	859       	137440      	2199040     	138.054069  	2.346596    	22.59     	1650.637981
0.00014554     	869       	139040      	2224640     	137.611102  	2.380338    	22.46     	1219.806666
0.00013890     	879       	140640      	2250240     	138.371869  	2.424665    	23.03     	1269.348239
0.00013277     	889       	142240      	2275840     	138.662972  	2.501328    	22.60     	1284.676857
0.00012714     	899       	143840      	2301440     	138.721551  	2.450464    	22.65     	1218.452278
0.00012202     	909       	145440      	2327040     	137.432150  	2.374861    	22.84     	1225.017460
0.00011743     	919       	147040      	2352640     	137.984570  	2.367769    	23.00     	1091.476361
0.00011337     	929       	148640      	2378240     	137.971173  	2.478555    	22.59     	906.027642
0.00010983     	939       	150240      	2403840     	137.662523  	2.451078    	23.05     	917.004562
0.00010684     	949       	151840      	2429440     	136.324213  	2.469066    	23.59     	960.196533
0.00010438     	959       	153440      	2455040     	135.624371  	2.480131    	23.16     	911.932697
0.00010247     	969       	155040      	2480640     	136.602365  	2.407373    	22.01     	914.110134
0.00010110     	979       	156640      	2506240     	135.866086  	2.496041    	22.62     	983.800662
0.00010027     	989       	158240      	2531840     	136.358020  	2.505527    	22.55     	1230.435429
0.00010000     	999       	159840      	2557440     	135.900662  	2.462727    	22.30     	908.715902
