Learning Rate	Epoch	BatchNum	DataNum	TrainLoss	TestLoss	TestAcc	Time
0.00010000     	9         	1440        	23040       	261.299420  	1.780878    	19.12     	849.892237
0.00020000     	19        	3040        	48640       	256.706094  	1.716698    	20.23     	769.287612
0.00030000     	29        	4640        	74240       	252.385039  	1.808738    	17.97     	758.409413
0.00040000     	39        	6240        	99840       	248.837197  	1.908028    	19.07     	759.710567
0.00050000     	49        	7840        	125440      	245.500266  	1.867567    	18.82     	815.469777
0.00060000     	59        	9440        	151040      	241.749244  	1.845837    	19.55     	771.231179
0.00070000     	69        	11040       	176640      	238.156471  	1.916889    	18.84     	777.082805
0.00080000     	79        	12640       	202240      	236.933771  	1.867845    	18.80     	780.963617
0.00090000     	89        	14240       	227840      	236.067335  	1.815567    	19.20     	769.457992
0.00100000     	99        	15840       	253440      	234.443391  	1.865476    	19.65     	773.090460
0.00099973     	109       	17440       	279040      	234.162911  	1.862486    	19.52     	768.444198
0.00099890     	119       	19040       	304640      	232.914378  	1.878898    	19.80     	751.196479
0.00099753     	129       	20640       	330240      	230.360365  	1.851198    	19.39     	764.375460
0.00099562     	139       	22240       	355840      	229.414056  	1.864168    	20.55     	767.564572
0.00099316     	149       	23840       	381440      	227.019127  	1.900097    	19.24     	773.337271
0.00099017     	159       	25440       	407040      	224.640195  	1.864212    	20.47     	773.291173
0.00098663     	169       	27040       	432640      	224.560072  	1.874805    	19.59     	834.356997
0.00098257     	179       	28640       	458240      	223.569255  	1.966441    	19.72     	781.108580
0.00097798     	189       	30240       	483840      	220.732735  	1.978938    	20.01     	782.404340
0.00097286     	199       	31840       	509440      	219.656104  	1.962002    	19.81     	779.939417
0.00096723     	209       	33440       	535040      	219.413721  	2.017457    	19.56     	779.025875
0.00096110     	219       	35040       	560640      	217.234490  	1.900157    	20.27     	778.654768
0.00095446     	229       	36640       	586240      	216.787945  	1.987812    	19.39     	776.148682
0.00094733     	239       	38240       	611840      	216.675356  	1.939684    	19.51     	763.336560
0.00093971     	249       	39840       	637440      	214.874231  	2.055856    	19.65     	754.733780
0.00093162     	259       	41440       	663040      	213.592401  	2.003711    	19.32     	657.326002
0.00092307     	269       	43040       	688640      	211.814452  	2.061450    	19.83     	386.308718
0.00091406     	279       	44640       	714240      	210.890756  	2.061973    	19.67     	385.911849
0.00090460     	289       	46240       	739840      	209.103396  	2.081244    	20.49     	383.653320
0.00089472     	299       	47840       	765440      	206.951312  	2.107567    	19.95     	388.068530
0.00088442     	309       	49440       	791040      	207.506660  	2.009962    	21.24     	393.304221
0.00087370     	319       	51040       	816640      	207.690461  	2.077778    	19.46     	596.849657
0.00086260     	329       	52640       	842240      	207.203067  	2.166027    	20.00     	403.667592
0.00085111     	339       	54240       	867840      	204.545720  	2.080023    	20.52     	391.811403
0.00083925     	349       	55840       	893440      	203.815508  	2.151618    	21.23     	417.053238
0.00082705     	359       	57440       	919040      	202.284588  	2.149799    	19.76     	394.562529
0.00081450     	369       	59040       	944640      	202.756325  	2.088130    	20.37     	385.097892
0.00080164     	379       	60640       	970240      	201.663364  	2.149122    	19.88     	390.455844
0.00078846     	389       	62240       	995840      	199.870019  	2.049572    	21.00     	392.104684
0.00077500     	399       	63840       	1021440     	198.538728  	2.167725    	21.23     	390.916936
0.00076126     	409       	65440       	1047040     	197.324063  	2.195926    	19.31     	390.367416
0.00074727     	419       	67040       	1072640     	197.908986  	2.104091    	22.52     	396.425859
0.00073303     	429       	68640       	1098240     	196.361661  	2.169673    	20.98     	386.012519
0.00071857     	439       	70240       	1123840     	195.263229  	2.199909    	20.33     	387.369730
0.00070391     	449       	71840       	1149440     	194.820451  	2.173468    	21.57     	388.258485
0.00068906     	459       	73440       	1175040     	193.201024  	2.283671    	20.05     	396.241813
0.00067404     	469       	75040       	1200640     	192.892514  	2.247057    	20.99     	401.609606
0.00065886     	479       	76640       	1226240     	191.964645  	2.265318    	20.30     	417.070796
0.00064356     	489       	78240       	1251840     	190.274755  	2.314388    	20.48     	383.822317
0.00062814     	499       	79840       	1277440     	190.370166  	2.207440    	19.18     	399.172799
0.00061263     	509       	81440       	1303040     	188.536999  	2.300264    	19.58     	409.128843
0.00059704     	519       	83040       	1328640     	187.422656  	2.316128    	20.56     	397.250987
0.00058139     	529       	84640       	1354240     	186.893084  	2.387232    	19.97     	405.608688
0.00056570     	539       	86240       	1379840     	186.363197  	2.247554    	20.43     	402.624600
0.00055000     	549       	87840       	1405440     	184.980539  	2.350973    	21.31     	406.379011
0.00053430     	559       	89440       	1431040     	184.002627  	2.261138    	20.57     	406.103686
0.00051861     	569       	91040       	1456640     	183.375025  	2.326885    	20.95     	407.450357
0.00050296     	579       	92640       	1482240     	182.541072  	2.377587    	20.62     	404.174458
0.00048737     	589       	94240       	1507840     	181.668026  	2.341450    	20.66     	401.624400
0.00047186     	599       	95840       	1533440     	180.538417  	2.338431    	19.88     	400.326434
0.00045644     	609       	97440       	1559040     	179.269959  	2.405665    	20.34     	413.095006
0.00044114     	619       	99040       	1584640     	178.882107  	2.418275    	19.41     	402.708006
0.00042596     	629       	100640      	1610240     	177.943520  	2.366539    	20.59     	403.260637
0.00041094     	639       	102240      	1635840     	176.656619  	2.384687    	19.70     	395.618781
0.00039609     	649       	103840      	1661440     	176.637695  	2.465982    	19.59     	390.305562
0.00038143     	659       	105440      	1687040     	174.947035  	2.432396    	20.46     	400.208654
0.00036697     	669       	107040      	1712640     	173.991621  	2.415393    	19.97     	406.096894
0.00035273     	679       	108640      	1738240     	173.614619  	2.426061    	20.86     	407.730805
0.00033874     	689       	110240      	1763840     	173.648307  	2.403288    	20.79     	406.468175
0.00032500     	699       	111840      	1789440     	172.219135  	2.429688    	20.75     	416.299413
0.00031154     	709       	113440      	1815040     	170.634312  	2.473170    	20.94     	408.879762
0.00029836     	719       	115040      	1840640     	170.966731  	2.508445    	19.45     	404.508486
0.00028550     	729       	116640      	1866240     	170.031729  	2.489071    	20.05     	405.735432
0.00027295     	739       	118240      	1891840     	169.157400  	2.539315    	20.20     	411.894924
0.00026075     	749       	119840      	1917440     	167.775376  	2.520756    	18.88     	409.236999
0.00024889     	759       	121440      	1943040     	167.310017  	2.525080    	20.37     	408.780579
0.00023740     	769       	123040      	1968640     	166.883977  	2.497084    	20.86     	487.825616
0.00022630     	779       	124640      	1994240     	165.206579  	2.508631    	19.97     	403.180232
0.00021558     	789       	126240      	2019840     	165.066250  	2.505468    	20.13     	405.044584
0.00020528     	799       	127840      	2045440     	164.311481  	2.533037    	20.18     	403.744022
0.00019540     	809       	129440      	2071040     	162.990489  	2.560576    	20.20     	399.448770
0.00018594     	819       	131040      	2096640     	162.308997  	2.585502    	20.18     	395.841513
0.00017693     	829       	132640      	2122240     	162.246454  	2.505601    	20.41     	400.840405
0.00016838     	839       	134240      	2147840     	161.913202  	2.523728    	20.67     	403.427961
0.00016029     	849       	135840      	2173440     	161.277743  	2.573791    	20.26     	405.657843
0.00015267     	859       	137440      	2199040     	159.789598  	2.549315    	21.36     	396.808197
0.00014554     	869       	139040      	2224640     	160.456513  	2.591902    	20.26     	409.365276
0.00013890     	879       	140640      	2250240     	159.806483  	2.565103    	20.94     	395.069001
0.00013277     	889       	142240      	2275840     	159.075920  	2.577396    	20.67     	393.155126
0.00012714     	899       	143840      	2301440     	159.322862  	2.582955    	21.25     	413.902862
0.00012202     	909       	145440      	2327040     	157.081565  	2.609838    	19.79     	396.525102
0.00011743     	919       	147040      	2352640     	156.961199  	2.619709    	20.00     	389.856066
0.00011337     	929       	148640      	2378240     	157.533741  	2.584519    	20.72     	470.266043
0.00010983     	939       	150240      	2403840     	157.167029  	2.578519    	21.55     	389.733234
0.00010684     	949       	151840      	2429440     	155.917409  	2.572857    	20.97     	402.858601
0.00010438     	959       	153440      	2455040     	156.599370  	2.624258    	20.73     	391.246566
0.00010247     	969       	155040      	2480640     	155.389502  	2.639595    	20.55     	389.881165
0.00010110     	979       	156640      	2506240     	155.223359  	2.593696    	21.25     	390.571046
0.00010027     	989       	158240      	2531840     	155.290465  	2.689795    	20.57     	391.072971
0.00010000     	999       	159840      	2557440     	154.140277  	2.652447    	20.29     	374.068488
