Learning Rate	Epoch	BatchNum	DataNum	TrainLoss	TestLoss	TestAcc	Time
0.00010000     	9         	1440        	23040       	254.497265  	1.670190    	19.54     	2319.542482
0.00020000     	19        	3040        	48640       	248.598365  	1.690371    	22.38     	2348.123530
0.00030000     	29        	4640        	74240       	213.407766  	1.295546    	47.30     	2348.086793
0.00040000     	39        	6240        	99840       	132.574530  	0.865703    	65.53     	2340.822944
0.00050000     	49        	7840        	125440      	98.450149   	0.789565    	70.32     	2297.666313
0.00060000     	59        	9440        	151040      	83.824951   	0.773457    	70.79     	2345.769439
0.00070000     	69        	11040       	176640      	74.528537   	0.638870    	76.42     	2341.407533
0.00080000     	79        	12640       	202240      	67.983830   	0.628348    	76.64     	2340.395559
0.00090000     	89        	14240       	227840      	62.197338   	0.622465    	76.82     	2369.181132
0.00100000     	99        	15840       	253440      	58.830290   	0.743066    	72.42     	2354.795537
0.00099973     	109       	17440       	279040      	53.149108   	0.690347    	74.41     	2348.576300
0.00099890     	119       	19040       	304640      	48.505291   	0.650379    	75.33     	2362.670556
0.00099753     	129       	20640       	330240      	43.655142   	0.620525    	77.27     	2359.745003
0.00099562     	139       	22240       	355840      	40.658810   	0.599205    	78.05     	2346.582532
0.00099316     	149       	23840       	381440      	37.130179   	0.610522    	77.67     	2319.740486
0.00099017     	159       	25440       	407040      	35.086058   	0.516466    	80.77     	2339.377298
0.00098663     	169       	27040       	432640      	34.233910   	0.716419    	73.27     	2351.399430
0.00098257     	179       	28640       	458240      	32.114585   	0.798105    	73.98     	2346.468107
0.00097798     	189       	30240       	483840      	30.266532   	0.474667    	82.35     	2354.331222
0.00097286     	199       	31840       	509440      	29.063665   	0.644921    	78.01     	2352.423482
0.00096723     	209       	33440       	535040      	28.785741   	0.687170    	76.05     	2365.721363
0.00096110     	219       	35040       	560640      	27.068154   	0.498926    	82.57     	2047.967581
0.00095446     	229       	36640       	586240      	26.679620   	0.584377    	78.59     	1904.208290
0.00094733     	239       	38240       	611840      	25.824320   	0.617701    	78.60     	1898.271162
0.00093971     	249       	39840       	637440      	24.918046   	0.611533    	78.38     	1900.905247
0.00093162     	259       	41440       	663040      	24.817152   	0.532871    	81.52     	1581.317630
0.00092307     	269       	43040       	688640      	23.686927   	0.520436    	82.04     	1445.718209
0.00091406     	279       	44640       	714240      	23.072076   	0.588040    	79.71     	1443.035308
0.00090460     	289       	46240       	739840      	22.742055   	0.541991    	81.20     	1448.080253
0.00089472     	299       	47840       	765440      	22.438177   	0.477951    	83.53     	1446.587497
0.00088442     	309       	49440       	791040      	21.435957   	0.467339    	84.04     	1450.508177
0.00087370     	319       	51040       	816640      	20.783328   	0.527657    	82.32     	1451.947751
0.00086260     	329       	52640       	842240      	20.584061   	0.504759    	82.48     	1461.564892
0.00085111     	339       	54240       	867840      	20.158394   	0.483517    	83.55     	1451.891713
0.00083925     	349       	55840       	893440      	19.221935   	0.449183    	84.87     	1431.197166
0.00082705     	359       	57440       	919040      	19.062494   	0.482779    	83.43     	1437.034942
0.00081450     	369       	59040       	944640      	19.145153   	0.518644    	83.35     	1446.400867
0.00080164     	379       	60640       	970240      	18.400565   	0.522412    	82.80     	1435.650924
0.00078846     	389       	62240       	995840      	17.461933   	0.410024    	86.34     	1445.599597
0.00077500     	399       	63840       	1021440     	17.329102   	0.416802    	85.36     	1442.940849
0.00076126     	409       	65440       	1047040     	16.937001   	0.385410    	86.84     	1446.210212
0.00074727     	419       	67040       	1072640     	16.601896   	0.403674    	86.23     	1447.960081
0.00073303     	429       	68640       	1098240     	16.025828   	0.453808    	85.12     	1480.540139
0.00071857     	439       	70240       	1123840     	15.768896   	0.518179    	83.88     	1453.916102
0.00070391     	449       	71840       	1149440     	15.578737   	0.396228    	86.15     	1453.163650
0.00068906     	459       	73440       	1175040     	15.111595   	0.399091    	86.83     	1436.221168
0.00067404     	469       	75040       	1200640     	14.752630   	0.347660    	87.52     	1788.987000
0.00065886     	479       	76640       	1226240     	14.265802   	0.434952    	85.79     	2376.716947
0.00064356     	489       	78240       	1251840     	13.693157   	0.339805    	88.21     	2392.047775
0.00062814     	499       	79840       	1277440     	13.665547   	0.380149    	86.76     	2383.284741
0.00061263     	509       	81440       	1303040     	12.673379   	0.364031    	87.08     	2385.939019
0.00059704     	519       	83040       	1328640     	12.787804   	0.381200    	87.28     	2386.020545
0.00058139     	529       	84640       	1354240     	12.544007   	0.355621    	88.02     	2381.625539
0.00056570     	539       	86240       	1379840     	12.646576   	0.383811    	87.12     	2380.827236
0.00055000     	549       	87840       	1405440     	11.613106   	0.387383    	87.52     	2376.049196
0.00053430     	559       	89440       	1431040     	11.731876   	0.399444    	87.05     	2378.655349
0.00051861     	569       	91040       	1456640     	11.081269   	0.369745    	87.55     	3282.772640
0.00050296     	579       	92640       	1482240     	11.231982   	0.354691    	88.02     	2382.761202
0.00048737     	589       	94240       	1507840     	10.952965   	0.396697    	86.72     	2384.569539
0.00047186     	599       	95840       	1533440     	10.563423   	0.324969    	88.77     	2382.704652
0.00045644     	609       	97440       	1559040     	10.219670   	0.382138    	87.80     	2374.261100
0.00044114     	619       	99040       	1584640     	10.272333   	0.327434    	88.89     	2381.909658
0.00042596     	629       	100640      	1610240     	9.672929    	0.330486    	89.23     	2403.189007
0.00041094     	639       	102240      	1635840     	9.449320    	0.353218    	88.41     	2342.306964
0.00039609     	649       	103840      	1661440     	9.173510    	0.334644    	89.09     	2381.337084
0.00038143     	659       	105440      	1687040     	9.278811    	0.326016    	88.90     	2262.000619
0.00036697     	669       	107040      	1712640     	9.166700    	0.322328    	89.21     	2907.387213
0.00035273     	679       	108640      	1738240     	8.889767    	0.301004    	89.88     	2237.253031
0.00033874     	689       	110240      	1763840     	8.558087    	0.311160    	89.91     	3107.714864
0.00032500     	699       	111840      	1789440     	8.504066    	0.292393    	90.28     	2369.142576
0.00031154     	709       	113440      	1815040     	8.080756    	0.290285    	90.18     	2354.583984
0.00029836     	719       	115040      	1840640     	8.061689    	0.310875    	89.48     	2385.362476
0.00028550     	729       	116640      	1866240     	7.959647    	0.300337    	89.73     	2374.394627
0.00027295     	739       	118240      	1891840     	7.636779    	0.299608    	90.03     	2376.292007
0.00026075     	749       	119840      	1917440     	7.617629    	0.305221    	89.79     	2378.353953
0.00024889     	759       	121440      	1943040     	7.253309    	0.285601    	90.80     	2377.517226
0.00023740     	769       	123040      	1968640     	7.139125    	0.286033    	90.56     	2375.010581
0.00022630     	779       	124640      	1994240     	6.718195    	0.316264    	90.06     	2377.715528
0.00021558     	789       	126240      	2019840     	6.880204    	0.283366    	90.72     	2369.906736
0.00020528     	799       	127840      	2045440     	6.899105    	0.290680    	90.24     	2556.215075
0.00019540     	809       	129440      	2071040     	6.683705    	0.286305    	90.65     	2271.315154
0.00018594     	819       	131040      	2096640     	6.591549    	0.273836    	90.81     	2320.177202
0.00017693     	829       	132640      	2122240     	6.445452    	0.273334    	90.30     	2403.481119
0.00016838     	839       	134240      	2147840     	6.377057    	0.261649    	91.07     	2386.651599
0.00016029     	849       	135840      	2173440     	6.399970    	0.272902    	91.19     	2386.316434
0.00015267     	859       	137440      	2199040     	6.473591    	0.274496    	91.45     	3445.652475
0.00014554     	869       	139040      	2224640     	6.152826    	0.259689    	91.16     	3779.921655
0.00013890     	879       	140640      	2250240     	6.060433    	0.267476    	91.33     	3668.124452
0.00013277     	889       	142240      	2275840     	6.339741    	0.284663    	91.01     	2439.891450
0.00012714     	899       	143840      	2301440     	6.005215    	0.280916    	90.84     	3421.732383
0.00012202     	909       	145440      	2327040     	5.885604    	0.262797    	91.09     	4169.290215
0.00011743     	919       	147040      	2352640     	5.933857    	0.266043    	91.33     	1631.567081
0.00011337     	929       	148640      	2378240     	6.019281    	0.258730    	91.38     	1905.309174
0.00010983     	939       	150240      	2403840     	5.797060    	0.265520    	91.58     	2967.628490
0.00010684     	949       	151840      	2429440     	5.805118    	0.273287    	91.05     	2030.908505
0.00010438     	959       	153440      	2455040     	5.396204    	0.274394    	91.24     	1889.671320
0.00010247     	969       	155040      	2480640     	5.658309    	0.278668    	90.96     	3716.506736
0.00010110     	979       	156640      	2506240     	5.567684    	0.275437    	91.12     	1912.120780
0.00010027     	989       	158240      	2531840     	5.600181    	0.260189    	91.21     	3420.435836
0.00010000     	999       	159840      	2557440     	5.385688    	0.262803    	91.55     	1826.903359
