Learning Rate	Epoch	BatchNum	DataNum	TrainLoss	TestLoss	TestAcc	Time
0.00010000     	9         	1440        	23040       	252.335240  	1.724512    	17.88     	3303.357081
0.00020000     	19        	3040        	48640       	244.496267  	1.807566    	17.53     	3303.314775
0.00030000     	29        	4640        	74240       	239.539795  	1.733631    	19.91     	3441.380021
0.00040000     	39        	6240        	99840       	235.333303  	1.816584    	19.37     	3483.383376
0.00050000     	49        	7840        	125440      	231.978616  	1.794712    	20.56     	2925.410718
0.00060000     	59        	9440        	151040      	227.869249  	1.816693    	19.99     	3043.595290
0.00070000     	69        	11040       	176640      	222.917468  	1.848495    	20.31     	2993.964141
0.00080000     	79        	12640       	202240      	218.044746  	1.805065    	21.00     	3057.699240
0.00090000     	89        	14240       	227840      	212.322606  	1.807594    	22.04     	2863.328318
0.00100000     	99        	15840       	253440      	200.210445  	1.644905    	28.48     	3144.487367
0.00099973     	109       	17440       	279040      	192.804175  	1.692548    	29.48     	2946.479677
0.00099890     	119       	19040       	304640      	185.114614  	1.577314    	31.52     	2848.312331
0.00099753     	129       	20640       	330240      	181.620317  	1.641294    	32.77     	2896.308321
0.00099562     	139       	22240       	355840      	174.107636  	1.658207    	33.27     	3215.623991
0.00099316     	149       	23840       	381440      	170.139140  	1.567822    	35.91     	2910.884492
0.00099017     	159       	25440       	407040      	170.324931  	1.591085    	34.36     	2510.266925
0.00098663     	169       	27040       	432640      	173.188289  	1.546392    	35.17     	2920.642623
0.00098257     	179       	28640       	458240      	169.187302  	1.582006    	35.15     	3014.852061
0.00097798     	189       	30240       	483840      	170.438715  	1.583499    	35.90     	2719.764667
0.00097286     	199       	31840       	509440      	162.923656  	1.529009    	36.98     	2910.600682
0.00096723     	209       	33440       	535040      	164.968392  	1.504826    	40.01     	2710.605562
0.00096110     	219       	35040       	560640      	155.988030  	1.539299    	37.30     	2623.007310
0.00095446     	229       	36640       	586240      	155.170370  	1.556403    	34.66     	2566.368093
0.00094733     	239       	38240       	611840      	157.229256  	1.592457    	35.30     	2679.866952
0.00093971     	249       	39840       	637440      	153.710706  	1.517823    	37.10     	2899.313217
0.00093162     	259       	41440       	663040      	153.591074  	1.559807    	37.30     	2828.835317
0.00092307     	269       	43040       	688640      	147.841476  	1.555983    	37.37     	3180.124450
0.00091406     	279       	44640       	714240      	148.859483  	1.530051    	38.39     	2925.018041
0.00090460     	289       	46240       	739840      	148.833856  	1.575336    	37.31     	2812.145748
0.00089472     	299       	47840       	765440      	143.967507  	1.542496    	36.61     	2756.971486
0.00088442     	309       	49440       	791040      	143.808138  	1.559131    	38.30     	2497.836674
0.00087370     	319       	51040       	816640      	142.516509  	1.607987    	34.89     	2624.561664
0.00086260     	329       	52640       	842240      	139.654913  	1.628621    	37.37     	2736.381770
0.00085111     	339       	54240       	867840      	138.140606  	1.599060    	37.70     	2652.118022
0.00083925     	349       	55840       	893440      	136.699571  	1.607625    	36.22     	3087.641888
0.00082705     	359       	57440       	919040      	141.902797  	1.619752    	37.89     	2970.000266
0.00081450     	369       	59040       	944640      	138.079953  	1.584557    	38.34     	3236.199901
0.00080164     	379       	60640       	970240      	135.763723  	1.582089    	35.52     	2857.332351
0.00078846     	389       	62240       	995840      	133.259682  	1.543699    	39.30     	3068.785342
0.00077500     	399       	63840       	1021440     	133.070002  	1.589308    	37.91     	2794.908396
0.00076126     	409       	65440       	1047040     	129.428921  	1.610846    	38.28     	2503.518066
0.00074727     	419       	67040       	1072640     	128.547909  	1.595712    	38.83     	2690.096621
0.00073303     	429       	68640       	1098240     	123.924192  	1.522853    	40.76     	2564.885790
0.00071857     	439       	70240       	1123840     	123.643596  	1.617032    	39.09     	2508.968132
0.00070391     	449       	71840       	1149440     	123.025455  	1.600657    	38.72     	2781.136531
0.00068906     	459       	73440       	1175040     	123.119657  	1.574196    	40.31     	2791.656613
0.00067404     	469       	75040       	1200640     	120.857809  	1.661088    	38.43     	2561.736811
0.00065886     	479       	76640       	1226240     	121.048236  	1.583759    	38.42     	2928.778436
0.00064356     	489       	78240       	1251840     	116.535598  	1.579227    	40.81     	2995.561107
0.00062814     	499       	79840       	1277440     	117.511049  	1.602585    	39.43     	2718.292298
0.00061263     	509       	81440       	1303040     	114.647109  	1.706909    	39.08     	2680.713968
0.00059704     	519       	83040       	1328640     	114.211179  	1.702665    	37.93     	2926.567457
0.00058139     	529       	84640       	1354240     	111.392284  	1.602468    	39.75     	2736.290560
0.00056570     	539       	86240       	1379840     	109.845869  	1.570184    	41.59     	2533.036822
0.00055000     	549       	87840       	1405440     	107.597639  	1.584993    	41.78     	2816.880055
0.00053430     	559       	89440       	1431040     	107.087663  	1.608229    	41.33     	2555.873459
0.00051861     	569       	91040       	1456640     	105.850108  	1.582491    	42.05     	2612.445481
0.00050296     	579       	92640       	1482240     	104.976333  	1.638804    	40.21     	2648.826638
0.00048737     	589       	94240       	1507840     	105.561645  	1.638334    	40.72     	2526.998562
0.00047186     	599       	95840       	1533440     	102.499137  	1.587612    	41.09     	2720.955140
0.00045644     	609       	97440       	1559040     	101.426122  	1.650277    	39.69     	2514.476519
0.00044114     	619       	99040       	1584640     	99.290241   	1.658032    	39.73     	2579.394827
0.00042596     	629       	100640      	1610240     	98.001181   	1.712783    	40.72     	2758.548260
0.00041094     	639       	102240      	1635840     	97.319540   	1.639792    	40.88     	2423.742899
0.00039609     	649       	103840      	1661440     	96.133913   	1.615834    	42.18     	2613.300536
0.00038143     	659       	105440      	1687040     	95.822690   	1.618336    	42.14     	2714.971833
0.00036697     	669       	107040      	1712640     	95.620097   	1.555771    	43.38     	2481.211797
0.00035273     	679       	108640      	1738240     	93.576192   	1.677681    	41.65     	2716.003876
0.00033874     	689       	110240      	1763840     	92.205087   	1.698810    	40.89     	2466.763178
0.00032500     	699       	111840      	1789440     	92.232710   	1.717521    	40.93     	2574.882809
0.00031154     	709       	113440      	1815040     	91.527751   	1.676351    	40.91     	2871.995592
0.00029836     	719       	115040      	1840640     	90.189822   	1.735769    	40.59     	2450.583017
0.00028550     	729       	116640      	1866240     	88.863117   	1.687430    	41.73     	2581.029675
0.00027295     	739       	118240      	1891840     	88.450396   	1.658720    	41.29     	2893.730884
0.00026075     	749       	119840      	1917440     	86.504779   	1.686497    	41.95     	2522.076874
0.00024889     	759       	121440      	1943040     	85.858833   	1.712232    	41.85     	2784.683778
0.00023740     	769       	123040      	1968640     	84.932022   	1.713558    	41.24     	2727.989185
0.00022630     	779       	124640      	1994240     	84.488461   	1.655619    	40.92     	2551.139330
0.00021558     	789       	126240      	2019840     	83.429456   	1.664764    	41.70     	3257.702886
0.00020528     	799       	127840      	2045440     	83.058465   	1.633890    	41.79     	2678.542144
0.00019540     	809       	129440      	2071040     	81.835030   	1.616210    	43.13     	2729.580124
0.00018594     	819       	131040      	2096640     	81.079041   	1.669696    	42.45     	3473.902529
0.00017693     	829       	132640      	2122240     	79.551444   	1.634267    	41.28     	2977.331327
0.00016838     	839       	134240      	2147840     	79.231667   	1.690492    	42.07     	3700.945865
0.00016029     	849       	135840      	2173440     	78.814362   	1.704361    	41.08     	2931.560448
0.00015267     	859       	137440      	2199040     	77.308687   	1.721896    	42.00     	2920.219038
0.00014554     	869       	139040      	2224640     	78.066612   	1.666674    	42.18     	2757.985401
0.00013890     	879       	140640      	2250240     	76.666495   	1.658918    	42.67     	2597.567216
0.00013277     	889       	142240      	2275840     	75.316281   	1.683630    	41.95     	2502.008858
0.00012714     	899       	143840      	2301440     	75.899208   	1.715223    	40.63     	2470.979032
0.00012202     	909       	145440      	2327040     	75.071924   	1.688586    	42.32     	2413.036430
0.00011743     	919       	147040      	2352640     	74.334245   	1.699569    	42.65     	2400.904788
0.00011337     	929       	148640      	2378240     	74.603766   	1.688923    	42.55     	2556.432922
0.00010983     	939       	150240      	2403840     	73.503344   	1.676317    	42.91     	3672.762580
0.00010684     	949       	151840      	2429440     	72.998926   	1.714733    	43.95     	3681.754593
0.00010438     	959       	153440      	2455040     	73.401641   	1.700816    	43.67     	2635.365953
0.00010247     	969       	155040      	2480640     	73.682342   	1.705779    	42.53     	2347.478050
