Learning Rate	Epoch	BatchNum	DataNum	TrainLoss	TestLoss	TestAcc	Time
0.00010000     	9         	1440        	23040       	257.784062  	1.661311    	19.52     	1471.324725
0.00020000     	19        	3040        	48640       	253.938714  	1.699517    	21.12     	1473.820863
0.00030000     	29        	4640        	74240       	250.295488  	1.756532    	21.83     	1463.267361
0.00040000     	39        	6240        	99840       	246.198211  	1.733265    	22.42     	1465.106853
0.00050000     	49        	7840        	125440      	240.697945  	1.771423    	21.88     	1466.892957
0.00060000     	59        	9440        	151040      	234.817431  	1.715472    	24.05     	1468.626831
0.00070000     	69        	11040       	176640      	229.776958  	1.842738    	22.49     	1464.476193
0.00080000     	79        	12640       	202240      	225.383708  	1.784800    	24.15     	1472.946069
0.00090000     	89        	14240       	227840      	220.662337  	1.908563    	22.19     	1470.532772
0.00100000     	99        	15840       	253440      	217.381427  	1.993582    	22.65     	1464.908302
0.00099973     	109       	17440       	279040      	213.295023  	2.057897    	21.80     	1452.524544
0.00099890     	119       	19040       	304640      	210.018566  	1.988680    	19.55     	1469.011453
0.00099753     	129       	20640       	330240      	206.067904  	1.964016    	21.79     	1465.205273
0.00099562     	139       	22240       	355840      	204.246289  	2.015574    	21.84     	1456.934612
0.00099316     	149       	23840       	381440      	202.106207  	2.067016    	20.49     	1481.115132
0.00099017     	159       	25440       	407040      	199.331003  	2.136322    	20.58     	1891.343548
0.00098663     	169       	27040       	432640      	198.820063  	2.084216    	22.09     	1739.578870
0.00098257     	179       	28640       	458240      	196.934458  	2.134321    	20.83     	1475.781832
0.00097798     	189       	30240       	483840      	195.202376  	2.206800    	21.41     	1456.728256
0.00097286     	199       	31840       	509440      	193.828667  	2.124326    	20.54     	1468.473007
0.00096723     	209       	33440       	535040      	193.257785  	2.089824    	19.92     	1463.915611
0.00096110     	219       	35040       	560640      	192.281448  	2.177209    	20.59     	1468.445390
0.00095446     	229       	36640       	586240      	191.600081  	2.171700    	20.87     	1464.524761
0.00094733     	239       	38240       	611840      	190.704518  	2.211788    	20.09     	1463.042659
0.00093971     	249       	39840       	637440      	190.244659  	2.211143    	21.83     	1463.236256
0.00093162     	259       	41440       	663040      	189.334934  	2.174983    	21.30     	1463.702854
0.00092307     	269       	43040       	688640      	188.876588  	2.263433    	21.18     	1468.590927
0.00091406     	279       	44640       	714240      	188.307060  	2.241446    	20.49     	1536.555319
0.00090460     	289       	46240       	739840      	187.562100  	2.244644    	19.71     	1464.609673
0.00089472     	299       	47840       	765440      	186.456296  	2.229733    	20.88     	1564.469401
0.00088442     	309       	49440       	791040      	186.810401  	2.276283    	20.25     	1490.603446
0.00087370     	319       	51040       	816640      	185.844609  	2.274489    	21.49     	1466.648754
0.00086260     	329       	52640       	842240      	185.920568  	2.177248    	20.92     	1947.544518
0.00085111     	339       	54240       	867840      	185.862725  	2.249348    	21.23     	1942.692677
0.00083925     	349       	55840       	893440      	184.230077  	2.322699    	21.41     	1429.607205
0.00082705     	359       	57440       	919040      	184.405907  	2.230290    	21.53     	2046.618782
0.00081450     	369       	59040       	944640      	183.993634  	2.234026    	19.86     	1475.579068
0.00080164     	379       	60640       	970240      	183.122785  	2.366346    	21.48     	1416.644883
0.00078846     	389       	62240       	995840      	183.538203  	2.274138    	20.27     	1474.937889
0.00077500     	399       	63840       	1021440     	183.359461  	2.308894    	21.25     	1460.455850
0.00076126     	409       	65440       	1047040     	183.325906  	2.350960    	20.31     	1460.248945
0.00074727     	419       	67040       	1072640     	182.658916  	2.400344    	20.52     	1469.905133
0.00073303     	429       	68640       	1098240     	182.235210  	2.296952    	21.34     	1462.380483
0.00071857     	439       	70240       	1123840     	182.217019  	2.348445    	19.67     	1461.230638
0.00070391     	449       	71840       	1149440     	182.097039  	2.323930    	20.21     	1466.057528
0.00068906     	459       	73440       	1175040     	181.279889  	2.361788    	19.70     	1467.428698
0.00067404     	469       	75040       	1200640     	181.834001  	2.319740    	19.81     	1468.236808
0.00065886     	479       	76640       	1226240     	181.332355  	2.345100    	20.70     	1460.064535
0.00064356     	489       	78240       	1251840     	180.847527  	2.316204    	21.05     	1471.062418
0.00062814     	499       	79840       	1277440     	180.832069  	2.304292    	20.89     	1470.814966
0.00061263     	509       	81440       	1303040     	181.257610  	2.335610    	21.30     	1484.160809
0.00059704     	519       	83040       	1328640     	181.207241  	2.377128    	21.24     	1475.195983
0.00058139     	529       	84640       	1354240     	180.741880  	2.308950    	20.34     	1464.856719
0.00056570     	539       	86240       	1379840     	180.669701  	2.286864    	21.45     	1619.297907
0.00055000     	549       	87840       	1405440     	180.437461  	2.308221    	21.16     	1479.140611
0.00053430     	559       	89440       	1431040     	180.443848  	2.317995    	20.27     	1577.627906
0.00051861     	569       	91040       	1456640     	179.814127  	2.321230    	20.74     	1355.938843
0.00050296     	579       	92640       	1482240     	179.662000  	2.332677    	20.91     	1503.917763
0.00048737     	589       	94240       	1507840     	179.739246  	2.466465    	19.53     	1352.984695
0.00047186     	599       	95840       	1533440     	179.498478  	2.346167    	20.47     	1499.190691
0.00045644     	609       	97440       	1559040     	179.609058  	2.378315    	20.51     	1416.858875
0.00044114     	619       	99040       	1584640     	179.033678  	2.339043    	21.94     	2408.120781
0.00042596     	629       	100640      	1610240     	179.069184  	2.353602    	20.92     	2515.896202
0.00041094     	639       	102240      	1635840     	178.852354  	2.411360    	20.94     	3168.879848
0.00039609     	649       	103840      	1661440     	178.905678  	2.359919    	21.09     	2670.054464
0.00038143     	659       	105440      	1687040     	178.644369  	2.334557    	21.23     	2881.196999
0.00036697     	669       	107040      	1712640     	178.503590  	2.437198    	20.14     	2761.430878
0.00035273     	679       	108640      	1738240     	178.522515  	2.342106    	20.43     	2065.936408
0.00033874     	689       	110240      	1763840     	177.798369  	2.399370    	20.35     	3428.955672
0.00032500     	699       	111840      	1789440     	177.744613  	2.358811    	21.45     	1694.658730
0.00031154     	709       	113440      	1815040     	178.162427  	2.355216    	21.35     	1192.659024
0.00029836     	719       	115040      	1840640     	177.888106  	2.394878    	20.49     	1165.710207
0.00028550     	729       	116640      	1866240     	178.182200  	2.419510    	20.17     	1211.546861
0.00027295     	739       	118240      	1891840     	177.583111  	2.352045    	20.35     	3289.382229
0.00026075     	749       	119840      	1917440     	178.469705  	2.374297    	20.38     	1130.634826
0.00024889     	759       	121440      	1943040     	177.995697  	2.392177    	20.87     	1172.994083
0.00023740     	769       	123040      	1968640     	177.877964  	2.377096    	20.03     	2979.977861
0.00022630     	779       	124640      	1994240     	177.680897  	2.371362    	21.16     	1085.933300
0.00021558     	789       	126240      	2019840     	177.274008  	2.375644    	20.34     	1188.752285
0.00020528     	799       	127840      	2045440     	177.422276  	2.371669    	21.15     	1183.806102
0.00019540     	809       	129440      	2071040     	177.251506  	2.392370    	21.51     	2609.536820
0.00018594     	819       	131040      	2096640     	177.525968  	2.344631    	21.05     	1136.785561
0.00017693     	829       	132640      	2122240     	177.100148  	2.399797    	21.48     	1352.660165
0.00016838     	839       	134240      	2147840     	176.977771  	2.393040    	21.05     	2040.909349
0.00016029     	849       	135840      	2173440     	178.210986  	2.386557    	21.30     	892.894903
0.00015267     	859       	137440      	2199040     	177.120163  	2.335111    	20.42     	900.624538
0.00014554     	869       	139040      	2224640     	177.539630  	2.355579    	21.27     	900.194814
0.00013890     	879       	140640      	2250240     	177.220007  	2.384835    	20.22     	1414.484463
0.00013277     	889       	142240      	2275840     	176.586678  	2.393923    	20.85     	2091.586096
0.00012714     	899       	143840      	2301440     	176.928565  	2.392474    	20.88     	711.093089
0.00012202     	909       	145440      	2327040     	176.393050  	2.371142    	21.41     	565.733658
0.00011743     	919       	147040      	2352640     	176.062951  	2.425786    	20.21     	571.710269
0.00011337     	929       	148640      	2378240     	177.297796  	2.404747    	21.25     	868.525915
0.00010983     	939       	150240      	2403840     	176.787772  	2.427582    	20.11     	582.127439
0.00010684     	949       	151840      	2429440     	176.955931  	2.420586    	20.67     	579.458043
0.00010438     	959       	153440      	2455040     	177.061512  	2.416593    	21.49     	570.007678
0.00010247     	969       	155040      	2480640     	176.790905  	2.378865    	20.74     	616.015733
0.00010110     	979       	156640      	2506240     	176.663642  	2.401187    	20.60     	575.977068
0.00010027     	989       	158240      	2531840     	176.601947  	2.370826    	21.38     	670.748400
0.00010000     	999       	159840      	2557440     	177.039993  	2.377252    	21.20     	591.644879
