Learning Rate	Epoch	BatchNum	DataNum	TrainLoss	TestLoss	TestAcc	Time
0.00010000     	9         	1440        	23040       	252.445345  	1.697326    	18.68     	1590.517921
0.00020000     	19        	3040        	48640       	244.975929  	1.717084    	19.31     	2453.781835
0.00030000     	29        	4640        	74240       	240.821485  	1.789288    	17.80     	2478.414448
0.00040000     	39        	6240        	99840       	235.004299  	1.780423    	19.89     	2482.256055
0.00050000     	49        	7840        	125440      	225.573788  	1.695269    	25.73     	2494.107898
0.00060000     	59        	9440        	151040      	208.913461  	1.555906    	32.65     	2491.047104
0.00070000     	69        	11040       	176640      	195.106276  	1.533511    	34.31     	2492.912656
0.00080000     	79        	12640       	202240      	183.530001  	1.473069    	37.36     	2480.839017
0.00090000     	89        	14240       	227840      	172.397452  	1.466025    	39.43     	2536.706677
0.00100000     	99        	15840       	253440      	163.843154  	1.513459    	38.24     	2478.347400
0.00099973     	109       	17440       	279040      	154.850650  	1.476263    	38.84     	2475.496626
0.00099890     	119       	19040       	304640      	147.883850  	1.438199    	40.49     	2477.508348
0.00099753     	129       	20640       	330240      	140.980028  	1.457717    	41.12     	2459.717820
0.00099562     	139       	22240       	355840      	136.566837  	1.521316    	40.65     	2463.410099
0.00099316     	149       	23840       	381440      	133.489645  	1.492898    	40.61     	2462.245595
0.00099017     	159       	25440       	407040      	132.332719  	1.491062    	41.46     	3054.991984
0.00098663     	169       	27040       	432640      	129.179806  	1.499840    	40.57     	2410.849757
0.00098257     	179       	28640       	458240      	130.441273  	1.502013    	40.76     	2499.396990
0.00097798     	189       	30240       	483840      	125.318297  	1.496978    	41.74     	2510.840531
0.00097286     	199       	31840       	509440      	121.597337  	1.506296    	40.27     	2494.043754
0.00096723     	209       	33440       	535040      	117.510621  	1.505763    	41.53     	2493.124356
0.00096110     	219       	35040       	560640      	117.545450  	1.439103    	42.99     	2497.779089
0.00095446     	229       	36640       	586240      	115.485728  	1.487104    	42.52     	2505.121851
0.00094733     	239       	38240       	611840      	113.993338  	1.493964    	40.90     	2503.665475
0.00093971     	249       	39840       	637440      	110.869737  	1.533048    	40.37     	2504.899943
0.00093162     	259       	41440       	663040      	110.763291  	1.496506    	41.52     	2506.618034
0.00092307     	269       	43040       	688640      	113.097357  	1.520554    	40.77     	2489.115416
0.00091406     	279       	44640       	714240      	109.014796  	1.496347    	42.02     	2495.292561
0.00090460     	289       	46240       	739840      	110.473500  	1.517750    	42.07     	2502.200452
0.00089472     	299       	47840       	765440      	118.337106  	1.521571    	41.22     	2509.688281
0.00088442     	309       	49440       	791040      	114.587405  	1.534579    	39.61     	2509.561418
0.00087370     	319       	51040       	816640      	119.717823  	1.526026    	40.82     	2584.166097
0.00086260     	329       	52640       	842240      	112.999284  	1.544222    	41.93     	2491.452604
0.00085111     	339       	54240       	867840      	110.068540  	1.487610    	42.62     	2470.198706
0.00083925     	349       	55840       	893440      	109.033138  	1.485733    	41.86     	2492.778304
0.00082705     	359       	57440       	919040      	109.266426  	1.554495    	42.00     	2494.204620
0.00081450     	369       	59040       	944640      	107.828761  	1.485971    	42.24     	2493.762843
0.00080164     	379       	60640       	970240      	107.940150  	1.524210    	42.01     	2578.264435
0.00078846     	389       	62240       	995840      	113.848030  	1.547801    	40.09     	2481.376815
0.00077500     	399       	63840       	1021440     	110.454949  	1.499732    	42.77     	2329.449363
0.00076126     	409       	65440       	1047040     	108.087965  	1.469895    	42.66     	2506.041893
0.00074727     	419       	67040       	1072640     	105.656124  	1.546415    	41.80     	2491.096257
0.00073303     	429       	68640       	1098240     	104.578232  	1.486225    	43.38     	2478.871271
0.00071857     	439       	70240       	1123840     	102.884937  	1.557135    	40.29     	2432.745704
0.00070391     	449       	71840       	1149440     	103.130564  	1.528814    	41.56     	2449.593504
0.00068906     	459       	73440       	1175040     	103.829182  	1.471987    	43.32     	2506.051951
0.00067404     	469       	75040       	1200640     	102.740449  	1.467792    	43.09     	2486.490201
0.00065886     	479       	76640       	1226240     	100.674434  	1.517913    	40.16     	2492.883124
0.00064356     	489       	78240       	1251840     	101.186724  	1.536490    	41.92     	2482.677370
0.00062814     	499       	79840       	1277440     	100.739072  	1.481626    	43.03     	2493.284511
0.00061263     	509       	81440       	1303040     	100.368375  	1.506506    	42.95     	2468.566880
0.00059704     	519       	83040       	1328640     	98.743525   	1.485251    	42.80     	2485.178360
0.00058139     	529       	84640       	1354240     	97.642849   	1.489589    	43.09     	2494.561053
0.00056570     	539       	86240       	1379840     	98.194040   	1.524133    	41.49     	2500.036211
0.00055000     	549       	87840       	1405440     	96.983315   	1.512651    	43.14     	2496.767405
0.00053430     	559       	89440       	1431040     	97.365533   	1.527134    	41.59     	2496.947200
0.00051861     	569       	91040       	1456640     	97.032477   	1.534450    	41.45     	2493.982379
0.00050296     	579       	92640       	1482240     	95.915900   	1.502468    	44.45     	2497.764122
0.00048737     	589       	94240       	1507840     	95.812971   	1.530481    	41.73     	2496.182880
0.00047186     	599       	95840       	1533440     	94.998530   	1.548292    	42.27     	2495.640009
0.00045644     	609       	97440       	1559040     	93.852413   	1.480640    	43.51     	2502.500551
0.00044114     	619       	99040       	1584640     	92.702892   	1.467025    	42.91     	2500.120371
0.00042596     	629       	100640      	1610240     	92.359671   	1.510166    	41.95     	2500.327072
0.00041094     	639       	102240      	1635840     	90.810995   	1.489820    	44.03     	2498.473736
0.00039609     	649       	103840      	1661440     	90.822702   	1.498644    	42.75     	2496.315816
0.00038143     	659       	105440      	1687040     	90.333770   	1.469983    	42.67     	2496.687051
0.00036697     	669       	107040      	1712640     	88.390214   	1.476557    	43.88     	2498.391320
0.00035273     	679       	108640      	1738240     	88.468500   	1.502476    	43.48     	2496.040253
0.00033874     	689       	110240      	1763840     	88.368381   	1.479987    	43.84     	2490.882448
0.00032500     	699       	111840      	1789440     	87.976818   	1.446786    	44.45     	2493.397582
0.00031154     	709       	113440      	1815040     	87.986220   	1.511110    	43.09     	2498.542683
0.00029836     	719       	115040      	1840640     	87.118761   	1.503833    	43.08     	2499.985826
0.00028550     	729       	116640      	1866240     	86.459015   	1.498674    	43.58     	2498.088756
0.00027295     	739       	118240      	1891840     	85.411998   	1.549124    	42.02     	2502.359532
0.00026075     	749       	119840      	1917440     	85.653543   	1.534788    	42.37     	2500.069979
0.00024889     	759       	121440      	1943040     	84.469839   	1.533811    	42.88     	2496.285284
0.00023740     	769       	123040      	1968640     	85.038922   	1.523251    	43.29     	2498.426954
0.00022630     	779       	124640      	1994240     	83.177008   	1.493675    	43.71     	2494.758721
0.00021558     	789       	126240      	2019840     	83.518960   	1.479347    	43.88     	2491.896502
0.00020528     	799       	127840      	2045440     	82.990356   	1.518150    	43.16     	2496.784402
0.00019540     	809       	129440      	2071040     	82.121211   	1.446566    	42.94     	2498.871912
0.00018594     	819       	131040      	2096640     	81.694971   	1.510444    	43.76     	2498.078816
0.00017693     	829       	132640      	2122240     	81.179109   	1.503423    	43.59     	2494.031910
0.00016838     	839       	134240      	2147840     	80.509798   	1.478389    	45.01     	2486.134022
0.00016029     	849       	135840      	2173440     	79.786118   	1.481704    	44.16     	2495.820664
0.00015267     	859       	137440      	2199040     	79.378007   	1.509786    	42.96     	2495.696360
0.00014554     	869       	139040      	2224640     	79.017944   	1.475321    	44.07     	2497.959700
0.00013890     	879       	140640      	2250240     	79.618192   	1.478824    	44.10     	2491.899219
0.00013277     	889       	142240      	2275840     	79.212363   	1.498255    	43.88     	2502.283159
0.00012714     	899       	143840      	2301440     	78.546799   	1.468498    	45.15     	2502.330885
0.00012202     	909       	145440      	2327040     	77.639974   	1.479397    	42.74     	2448.501544
0.00011743     	919       	147040      	2352640     	77.883120   	1.480646    	44.74     	1941.125439
0.00011337     	929       	148640      	2378240     	77.860058   	1.501730    	43.96     	1939.735492
0.00010983     	939       	150240      	2403840     	78.836803   	1.516022    	43.52     	1734.473474
0.00010684     	949       	151840      	2429440     	76.846406   	1.466237    	45.01     	1461.599204
0.00010438     	959       	153440      	2455040     	77.062536   	1.516750    	44.05     	1455.446195
0.00010247     	969       	155040      	2480640     	76.681026   	1.482247    	44.70     	1536.570283
0.00010110     	979       	156640      	2506240     	77.236192   	1.479091    	44.52     	1495.973228
0.00010027     	989       	158240      	2531840     	76.062180   	1.473893    	43.45     	1470.496196
0.00010000     	999       	159840      	2557440     	76.113958   	1.483562    	43.46     	1454.326361
