Learning Rate	Epoch	BatchNum	DataNum	TrainLoss	TestLoss	TestAcc	Time
0.00010000     	9         	2880        	23040       	511.370856  	1.755920    	15.33     	4572.980112
0.00020000     	19        	6080        	48640       	485.838539  	1.985604    	14.80     	4820.605198
0.00030000     	29        	9280        	74240       	456.669014  	2.053774    	15.55     	4808.280023
0.00040000     	39        	12480       	99840       	402.839144  	1.758686    	26.39     	4517.752037
0.00050000     	49        	15680       	125440      	313.043078  	1.519578    	38.14     	4528.424783
0.00060000     	59        	18880       	151040      	216.901058  	0.756799    	69.21     	4521.066184
0.00070000     	69        	22080       	176640      	135.520761  	0.642998    	73.09     	4444.216915
0.00080000     	79        	25280       	202240      	107.995407  	0.531059    	77.45     	4283.876290
0.00090000     	89        	28480       	227840      	92.292035   	0.464863    	79.84     	4543.936187
0.00100000     	99        	31680       	253440      	82.462585   	0.401163    	82.09     	4671.094164
0.00099973     	109       	34880       	279040      	72.401254   	0.411499    	81.95     	4985.425040
0.00099890     	119       	38080       	304640      	62.506611   	0.369217    	83.44     	5260.108787
0.00099753     	129       	41280       	330240      	54.260946   	0.332281    	85.23     	4972.390825
0.00099562     	139       	44480       	355840      	48.992732   	0.304898    	84.88     	4750.737206
0.00099316     	149       	47680       	381440      	46.708289   	0.282337    	85.56     	4521.654048
0.00099017     	159       	50880       	407040      	43.005568   	0.254731    	88.76     	4604.216171
0.00098663     	169       	54080       	432640      	41.143645   	0.263753    	87.27     	4879.126787
0.00098257     	179       	57280       	458240      	38.493291   	0.278633    	86.13     	4793.816548
0.00097798     	189       	60480       	483840      	35.637079   	0.248205    	88.42     	5199.702869
0.00097286     	199       	63680       	509440      	33.870819   	0.274893    	87.16     	5178.931300
0.00096723     	209       	66880       	535040      	33.267493   	0.240590    	88.45     	4996.222994
0.00096110     	219       	70080       	560640      	32.473940   	0.224884    	89.18     	4803.949726
0.00095446     	229       	73280       	586240      	30.939253   	0.259444    	87.65     	4756.091549
0.00094733     	239       	76480       	611840      	30.720211   	0.247945    	88.57     	4651.434857
0.00093971     	249       	79680       	637440      	30.322818   	0.218674    	89.38     	4839.683982
0.00093162     	259       	82880       	663040      	31.262643   	0.250848    	88.27     	5112.604527
0.00092307     	269       	86080       	688640      	29.485144   	0.220197    	89.07     	5020.203524
0.00091406     	279       	89280       	714240      	27.200059   	0.231479    	88.46     	4602.525296
0.00090460     	289       	92480       	739840      	26.669781   	0.229996    	88.62     	4411.639783
0.00089472     	299       	95680       	765440      	24.860013   	0.207567    	89.94     	4315.935565
0.00088442     	309       	98880       	791040      	24.601293   	0.195512    	90.75     	4551.283195
0.00087370     	319       	102080      	816640      	25.390161   	0.235534    	89.03     	4567.743552
0.00086260     	329       	105280      	842240      	23.875347   	0.196557    	89.93     	4260.718964
0.00085111     	339       	108480      	867840      	24.539639   	0.201490    	90.35     	4484.996165
0.00083925     	349       	111680      	893440      	24.402023   	0.211486    	90.11     	4683.639750
0.00082705     	359       	114880      	919040      	22.365968   	0.241108    	88.43     	4677.980583
0.00081450     	369       	118080      	944640      	22.902658   	0.230947    	88.89     	4863.965889
0.00080164     	379       	121280      	970240      	23.143712   	0.193217    	90.68     	4575.612103
0.00078846     	389       	124480      	995840      	21.377066   	0.174738    	91.52     	4453.835999
0.00077500     	399       	127680      	1021440     	20.346803   	0.216301    	89.84     	4457.924039
0.00076126     	409       	130880      	1047040     	19.874032   	0.185202    	91.04     	4471.012658
0.00074727     	419       	134080      	1072640     	19.175038   	0.217778    	88.86     	4518.284125
0.00073303     	429       	137280      	1098240     	19.441561   	0.171795    	91.14     	4550.838878
0.00071857     	439       	140480      	1123840     	18.471728   	0.219912    	90.02     	4444.773334
0.00070391     	449       	143680      	1149440     	18.160693   	0.211142    	90.27     	4769.607632
0.00068906     	459       	146880      	1175040     	17.619435   	0.226718    	88.95     	5202.038139
0.00067404     	469       	150080      	1200640     	17.452180   	0.199188    	90.61     	4937.503493
0.00065886     	479       	153280      	1226240     	17.354564   	0.186665    	90.41     	4468.176755
0.00064356     	489       	156480      	1251840     	16.699398   	0.179209    	91.27     	4409.618121
0.00062814     	499       	159680      	1277440     	15.103909   	0.177754    	91.24     	4456.828019
0.00061263     	509       	162880      	1303040     	15.055468   	0.150987    	92.70     	4577.799857
0.00059704     	519       	166080      	1328640     	13.826806   	0.153738    	92.59     	4597.490375
0.00058139     	529       	169280      	1354240     	13.558657   	0.162371    	91.34     	4322.879833
0.00056570     	539       	172480      	1379840     	13.336614   	0.157716    	92.02     	4280.948148
0.00055000     	549       	175680      	1405440     	13.580594   	0.178865    	91.80     	4450.285145
0.00053430     	559       	178880      	1431040     	13.538190   	0.159372    	91.98     	4412.571714
0.00051861     	569       	182080      	1456640     	13.007290   	0.197999    	90.23     	4513.423052
0.00050296     	579       	185280      	1482240     	12.638987   	0.175606    	91.72     	4460.769182
0.00048737     	589       	188480      	1507840     	11.850720   	0.152945    	92.92     	4735.316968
0.00047186     	599       	191680      	1533440     	11.921029   	0.158541    	92.27     	4576.239362
0.00045644     	609       	194880      	1559040     	10.763989   	0.164344    	91.41     	4427.424470
0.00044114     	619       	198080      	1584640     	11.235553   	0.139105    	93.28     	4348.093604
0.00042596     	629       	201280      	1610240     	11.152151   	0.157915    	92.16     	4255.262079
0.00041094     	639       	204480      	1635840     	10.390204   	0.147933    	92.73     	4357.658773
0.00039609     	649       	207680      	1661440     	9.808798    	0.146422    	93.04     	4495.160199
0.00038143     	659       	210880      	1687040     	9.744291    	0.159377    	92.70     	4877.701703
0.00036697     	669       	214080      	1712640     	9.703436    	0.152332    	92.41     	4604.997230
0.00035273     	679       	217280      	1738240     	9.559119    	0.146766    	93.03     	4503.472709
0.00033874     	689       	220480      	1763840     	9.236406    	0.146258    	93.09     	4415.253156
0.00032500     	699       	223680      	1789440     	8.811163    	0.150296    	92.69     	4475.455983
0.00031154     	709       	226880      	1815040     	8.859497    	0.139056    	93.50     	4609.515597
0.00029836     	719       	230080      	1840640     	9.269648    	0.143671    	92.91     	4534.222950
0.00028550     	729       	233280      	1866240     	8.329532    	0.143718    	93.11     	4505.411398
0.00027295     	739       	236480      	1891840     	8.359104    	0.144222    	93.30     	4567.266830
0.00026075     	749       	239680      	1917440     	7.955778    	0.134220    	93.52     	4533.112610
0.00024889     	759       	242880      	1943040     	8.019623    	0.137074    	93.37     	4624.537338
0.00023740     	769       	246080      	1968640     	7.698120    	0.129330    	93.52     	5010.023254
0.00022630     	779       	249280      	1994240     	7.515164    	0.128598    	94.15     	4723.661469
0.00021558     	789       	252480      	2019840     	7.612671    	0.131000    	93.38     	4608.224126
0.00020528     	799       	255680      	2045440     	7.290316    	0.122400    	94.30     	4358.899690
0.00019540     	809       	258880      	2071040     	7.556569    	0.117971    	94.07     	4605.424821
0.00018594     	819       	262080      	2096640     	7.058012    	0.120100    	94.51     	4288.395252
0.00017693     	829       	265280      	2122240     	6.677688    	0.113624    	94.38     	4317.312602
0.00016838     	839       	268480      	2147840     	6.935637    	0.117606    	94.23     	4284.232087
0.00016029     	849       	271680      	2173440     	6.562792    	0.129055    	93.91     	3993.453817
0.00015267     	859       	274880      	2199040     	6.563412    	0.127190    	93.80     	3992.194956
0.00014554     	869       	278080      	2224640     	6.448322    	0.117003    	93.98     	3878.912533
0.00013890     	879       	281280      	2250240     	6.229734    	0.127183    	93.84     	3881.475692
0.00013277     	889       	284480      	2275840     	6.139476    	0.121229    	94.25     	4102.949896
0.00012714     	899       	287680      	2301440     	5.828234    	0.125661    	94.16     	3805.908301
0.00012202     	909       	290880      	2327040     	5.979443    	0.122951    	94.45     	3713.391439
0.00011743     	919       	294080      	2352640     	5.622289    	0.124190    	94.10     	3691.154516
0.00011337     	929       	297280      	2378240     	5.836070    	0.114702    	94.52     	3682.216060
0.00010983     	939       	300480      	2403840     	6.045444    	0.113937    	94.53     	3684.783204
0.00010684     	949       	303680      	2429440     	5.660940    	0.119388    	94.23     	3699.743085
0.00010438     	959       	306880      	2455040     	5.620016    	0.123274    	94.46     	3700.750383
0.00010247     	969       	310080      	2480640     	5.565087    	0.121818    	94.38     	3717.936319
0.00010110     	979       	313280      	2506240     	5.991083    	0.120153    	94.01     	3708.682257
0.00010027     	989       	316480      	2531840     	5.520084    	0.116972    	94.18     	3684.102836
0.00010000     	999       	319680      	2557440     	5.387950    	0.111008    	94.91     	3622.930399
