Learning Rate	Epoch	BatchNum	DataNum	TrainLoss	TestLoss	TestAcc	Time
0.00010000     	9         	1440        	23040       	255.616864  	1.665969    	20.97     	3073.768861
0.00020000     	19        	3040        	48640       	249.050999  	1.695303    	21.79     	3105.363963
0.00030000     	29        	4640        	74240       	244.668406  	1.681311    	22.06     	3095.922554
0.00040000     	39        	6240        	99840       	241.538495  	1.670030    	21.25     	3105.421989
0.00050000     	49        	7840        	125440      	239.085122  	1.765752    	20.03     	3108.917155
0.00060000     	59        	9440        	151040      	237.338169  	1.764884    	21.43     	3092.517325
0.00070000     	69        	11040       	176640      	234.648793  	1.815318    	21.77     	3094.112772
0.00080000     	79        	12640       	202240      	230.752243  	1.803538    	20.51     	3097.517470
0.00090000     	89        	14240       	227840      	225.532225  	1.872167    	22.12     	3089.618042
0.00100000     	99        	15840       	253440      	220.026659  	1.848811    	24.81     	3076.553835
0.00099973     	109       	17440       	279040      	214.574740  	1.914348    	22.87     	3086.794546
0.00099890     	119       	19040       	304640      	206.794569  	1.791183    	26.28     	3084.516120
0.00099753     	129       	20640       	330240      	208.901452  	1.652494    	27.36     	3086.143324
0.00099562     	139       	22240       	355840      	206.686747  	1.564786    	31.46     	3072.044381
0.00099316     	149       	23840       	381440      	194.926705  	1.587083    	32.68     	2757.459889
0.00099017     	159       	25440       	407040      	187.399500  	1.506995    	36.08     	2119.043565
0.00098663     	169       	27040       	432640      	184.319866  	1.500686    	36.08     	1906.787009
0.00098257     	179       	28640       	458240      	177.808814  	1.537609    	35.11     	1936.210345
0.00097798     	189       	30240       	483840      	181.876882  	1.560586    	35.45     	1906.352649
0.00097286     	199       	31840       	509440      	183.992878  	1.662508    	33.85     	1919.719983
0.00096723     	209       	33440       	535040      	190.793953  	1.544992    	37.12     	1937.879788
0.00096110     	219       	35040       	560640      	175.555563  	1.504710    	37.90     	1917.312871
0.00095446     	229       	36640       	586240      	171.143402  	1.494044    	36.40     	1938.377347
0.00094733     	239       	38240       	611840      	172.940424  	1.569923    	36.55     	1901.398450
0.00093971     	249       	39840       	637440      	169.461791  	1.453054    	39.26     	1932.683713
0.00093162     	259       	41440       	663040      	167.306285  	1.503635    	38.59     	1931.846738
0.00092307     	269       	43040       	688640      	182.634027  	1.623410    	34.50     	1921.286021
0.00091406     	279       	44640       	714240      	180.695966  	1.589074    	33.23     	1929.060946
0.00090460     	289       	46240       	739840      	173.244722  	1.691830    	31.55     	1883.697726
0.00089472     	299       	47840       	765440      	174.996911  	1.540493    	37.30     	1901.956206
0.00088442     	309       	49440       	791040      	169.511604  	1.660090    	36.40     	1905.885751
0.00087370     	319       	51040       	816640      	163.972471  	1.607103    	37.51     	1903.693424
0.00086260     	329       	52640       	842240      	159.057274  	1.456389    	39.43     	1951.786808
0.00085111     	339       	54240       	867840      	160.765815  	1.522355    	40.02     	1935.502301
0.00083925     	349       	55840       	893440      	163.130249  	1.534329    	37.06     	1931.701230
0.00082705     	359       	57440       	919040      	155.814513  	1.468188    	40.87     	1943.732937
0.00081450     	369       	59040       	944640      	156.820436  	1.555169    	38.45     	1905.942954
0.00080164     	379       	60640       	970240      	155.149293  	1.555627    	37.70     	3093.227897
0.00078846     	389       	62240       	995840      	151.865887  	1.357996    	43.14     	3165.973425
0.00077500     	399       	63840       	1021440     	149.557966  	1.480992    	40.16     	3169.124641
0.00076126     	409       	65440       	1047040     	151.599682  	1.427255    	40.06     	3168.356219
0.00074727     	419       	67040       	1072640     	154.274860  	1.440822    	41.75     	3159.898573
0.00073303     	429       	68640       	1098240     	148.981649  	1.433002    	39.56     	3171.208266
0.00071857     	439       	70240       	1123840     	147.987887  	1.509694    	38.07     	3171.420109
0.00070391     	449       	71840       	1149440     	146.515774  	1.513122    	37.77     	3854.223575
0.00068906     	459       	73440       	1175040     	146.132732  	1.487195    	39.82     	3153.699620
0.00067404     	469       	75040       	1200640     	145.543310  	1.557478    	37.55     	3162.471310
0.00065886     	479       	76640       	1226240     	140.586044  	1.418147    	40.96     	3172.854386
0.00064356     	489       	78240       	1251840     	143.333347  	1.516670    	39.41     	3173.666129
0.00062814     	499       	79840       	1277440     	142.293354  	1.477954    	40.60     	3359.842408
0.00061263     	509       	81440       	1303040     	139.661044  	1.490380    	40.10     	3244.026344
0.00059704     	519       	83040       	1328640     	139.444068  	1.540989    	39.47     	3150.166918
0.00058139     	529       	84640       	1354240     	137.674184  	1.532914    	39.78     	2694.205786
0.00056570     	539       	86240       	1379840     	135.601245  	1.488465    	38.00     	2923.730159
0.00055000     	549       	87840       	1405440     	135.296878  	1.561563    	39.33     	2549.394790
0.00053430     	559       	89440       	1431040     	133.490533  	1.473577    	41.93     	3107.584051
0.00051861     	569       	91040       	1456640     	132.625099  	1.577785    	39.45     	3167.179471
0.00050296     	579       	92640       	1482240     	131.597832  	1.629019    	36.65     	3163.240438
0.00048737     	589       	94240       	1507840     	130.348330  	1.509607    	40.96     	3133.224441
0.00047186     	599       	95840       	1533440     	130.024478  	1.625570    	37.21     	3177.546523
0.00045644     	609       	97440       	1559040     	128.649676  	1.558491    	40.84     	3145.654143
0.00044114     	619       	99040       	1584640     	128.778318  	1.517119    	40.70     	3132.367648
0.00042596     	629       	100640      	1610240     	125.913173  	1.518947    	41.31     	3457.438475
0.00041094     	639       	102240      	1635840     	126.249477  	1.479995    	40.20     	3187.843309
0.00039609     	649       	103840      	1661440     	124.304163  	1.475404    	41.62     	3093.856230
0.00038143     	659       	105440      	1687040     	124.897114  	1.514792    	40.71     	3155.487110
0.00036697     	669       	107040      	1712640     	123.160558  	1.491949    	40.27     	5091.684068
0.00035273     	679       	108640      	1738240     	122.747535  	1.503948    	40.84     	4305.039949
0.00033874     	689       	110240      	1763840     	121.979884  	1.555695    	40.28     	4635.718933
0.00032500     	699       	111840      	1789440     	119.212940  	1.569539    	40.37     	4377.735518
0.00031154     	709       	113440      	1815040     	118.449996  	1.541672    	39.82     	4467.646536
0.00029836     	719       	115040      	1840640     	119.356521  	1.566713    	39.11     	2919.045901
0.00028550     	729       	116640      	1866240     	117.369059  	1.595861    	38.08     	5016.827107
0.00027295     	739       	118240      	1891840     	117.474908  	1.582859    	39.66     	2364.527218
0.00026075     	749       	119840      	1917440     	117.401893  	1.467773    	42.63     	4025.548336
0.00024889     	759       	121440      	1943040     	115.404190  	1.575622    	39.49     	2541.931987
0.00023740     	769       	123040      	1968640     	115.177742  	1.527401    	41.69     	3176.647574
0.00022630     	779       	124640      	1994240     	113.706394  	1.533615    	40.72     	3852.226086
0.00021558     	789       	126240      	2019840     	113.647585  	1.487600    	42.92     	2443.618087
0.00020528     	799       	127840      	2045440     	113.411418  	1.528530    	41.53     	3511.599622
0.00019540     	809       	129440      	2071040     	113.842217  	1.520737    	41.98     	2357.282739
0.00018594     	819       	131040      	2096640     	112.060882  	1.492506    	41.73     	2263.876293
0.00017693     	829       	132640      	2122240     	113.060134  	1.487746    	42.10     	2582.314526
0.00016838     	839       	134240      	2147840     	113.223011  	1.516646    	42.22     	2494.456344
0.00016029     	849       	135840      	2173440     	113.143229  	1.512124    	42.27     	1981.536821
0.00015267     	859       	137440      	2199040     	112.392343  	1.479769    	42.14     	1899.229244
0.00014554     	869       	139040      	2224640     	111.342852  	1.616580    	39.64     	1846.748322
0.00013890     	879       	140640      	2250240     	110.425331  	1.505419    	42.09     	2113.351932
0.00013277     	889       	142240      	2275840     	109.293447  	1.516756    	41.54     	1633.525132
0.00012714     	899       	143840      	2301440     	109.970375  	1.546004    	39.68     	1315.300870
0.00012202     	909       	145440      	2327040     	108.513060  	1.533212    	42.12     	1288.256246
0.00011743     	919       	147040      	2352640     	109.714807  	1.518260    	43.06     	1274.580427
0.00011337     	929       	148640      	2378240     	109.370409  	1.500674    	42.31     	1290.494808
0.00010983     	939       	150240      	2403840     	109.428158  	1.503751    	43.81     	928.421193
0.00010684     	949       	151840      	2429440     	108.670729  	1.511323    	43.36     	772.655683
0.00010438     	959       	153440      	2455040     	107.740223  	1.524630    	42.21     	882.424223
0.00010247     	969       	155040      	2480640     	107.282304  	1.536464    	42.27     	810.366769
0.00010110     	979       	156640      	2506240     	107.248839  	1.508354    	42.11     	788.805537
0.00010027     	989       	158240      	2531840     	106.921178  	1.473314    	43.21     	764.623209
0.00010000     	999       	159840      	2557440     	106.581240  	1.517143    	42.91     	1595.315786
