Learning Rate	Epoch	BatchNum	DataNum	TrainLoss	TestLoss	TestAcc	Time
0.00010000     	9         	720         	23040       	125.824326  	1.707343    	19.54     	1591.532656
0.00020000     	19        	1520        	48640       	122.180089  	1.756371    	17.55     	1697.520284
0.00030000     	29        	2320        	74240       	120.627642  	1.852810    	17.95     	1813.288869
0.00040000     	39        	3120        	99840       	119.187045  	1.828814    	19.34     	1714.537645
0.00050000     	49        	3920        	125440      	117.321011  	1.741687    	19.86     	1706.695720
0.00060000     	59        	4720        	151040      	115.451849  	1.905980    	21.51     	1936.012183
0.00070000     	69        	5520        	176640      	112.699811  	1.817879    	21.70     	1997.542938
0.00080000     	79        	6320        	202240      	107.623815  	1.708980    	26.27     	1839.469640
0.00090000     	89        	7120        	227840      	100.507416  	1.649825    	30.91     	3202.372242
0.00100000     	99        	7920        	253440      	93.899360   	1.549845    	35.20     	1784.184308
0.00099973     	109       	8720        	279040      	86.957276   	1.541437    	37.10     	2908.419821
0.00099890     	119       	9520        	304640      	81.969398   	1.620711    	37.48     	1418.532734
0.00099753     	129       	10320       	330240      	76.972984   	1.541828    	38.21     	1737.098965
0.00099562     	139       	11120       	355840      	73.317826   	1.501386    	40.38     	1742.363223
0.00099316     	149       	11920       	381440      	70.279414   	1.455003    	40.22     	1681.529893
0.00099017     	159       	12720       	407040      	67.014529   	1.517071    	39.83     	3237.384956
0.00098663     	169       	13520       	432640      	64.616243   	1.469833    	41.69     	1629.346290
0.00098257     	179       	14320       	458240      	61.940813   	1.571471    	40.22     	1525.163020
0.00097798     	189       	15120       	483840      	59.763559   	1.510969    	41.78     	1947.125363
0.00097286     	199       	15920       	509440      	57.506346   	1.535623    	42.59     	1538.557661
0.00096723     	209       	16720       	535040      	55.682578   	1.529322    	41.27     	832.201948
0.00096110     	219       	17520       	560640      	54.019478   	1.567461    	40.84     	1930.268386
0.00095446     	229       	18320       	586240      	52.620748   	1.465529    	42.73     	702.789578
0.00094733     	239       	19120       	611840      	51.330316   	1.546354    	40.65     	1532.758519
0.00093971     	249       	19920       	637440      	49.675274   	1.510782    	43.02     	810.972268
0.00093162     	259       	20720       	663040      	48.876201   	1.555600    	41.72     	860.831522
0.00092307     	269       	21520       	688640      	47.317667   	1.547997    	41.58     	789.466099
0.00091406     	279       	22320       	714240      	46.480232   	1.579241    	40.99     	1306.758203
0.00090460     	289       	23120       	739840      	45.216841   	1.513471    	42.27     	828.238320
0.00089472     	299       	23920       	765440      	44.807018   	1.556389    	42.17     	1002.607362
0.00088442     	309       	24720       	791040      	43.967931   	1.593006    	42.01     	821.506881
0.00087370     	319       	25520       	816640      	42.941203   	1.517765    	42.34     	815.455638
0.00086260     	329       	26320       	842240      	41.867137   	1.538002    	42.47     	808.582999
0.00085111     	339       	27120       	867840      	41.260789   	1.571426    	42.78     	830.842875
0.00083925     	349       	27920       	893440      	40.434806   	1.649977    	40.94     	755.482283
0.00082705     	359       	28720       	919040      	39.804678   	1.593799    	41.98     	831.856443
0.00081450     	369       	29520       	944640      	39.209064   	1.559174    	41.59     	1257.620280
0.00080164     	379       	30320       	970240      	38.112812   	1.609982    	41.67     	840.466878
0.00078846     	389       	31120       	995840      	37.883700   	1.543290    	41.02     	837.732173
0.00077500     	399       	31920       	1021440     	37.609885   	1.637869    	40.99     	806.734596
0.00076126     	409       	32720       	1047040     	36.860460   	1.644428    	41.30     	1172.415524
0.00074727     	419       	33520       	1072640     	35.887886   	1.631606    	41.38     	818.067602
0.00073303     	429       	34320       	1098240     	35.016200   	1.669117    	40.27     	807.129196
0.00071857     	439       	35120       	1123840     	35.028110   	1.629154    	41.48     	871.827057
0.00070391     	449       	35920       	1149440     	34.551925   	1.677893    	41.27     	863.711185
0.00068906     	459       	36720       	1175040     	33.755884   	1.626073    	42.18     	832.278598
0.00067404     	469       	37520       	1200640     	33.464912   	1.572107    	42.56     	829.959686
0.00065886     	479       	38320       	1226240     	33.081600   	1.593685    	42.86     	833.337483
0.00064356     	489       	39120       	1251840     	32.445331   	1.599699    	42.38     	842.264209
0.00062814     	499       	39920       	1277440     	31.853429   	1.587189    	41.86     	813.684088
0.00061263     	509       	40720       	1303040     	31.512480   	1.647805    	42.47     	820.936324
0.00059704     	519       	41520       	1328640     	31.088435   	1.628602    	42.26     	851.059313
0.00058139     	529       	42320       	1354240     	30.319663   	1.598344    	43.20     	1232.470929
0.00056570     	539       	43120       	1379840     	29.820936   	1.666931    	41.89     	1298.456872
0.00055000     	549       	43920       	1405440     	29.297984   	1.610175    	43.75     	1693.462801
0.00053430     	559       	44720       	1431040     	29.110889   	1.705164    	41.31     	1312.491063
0.00051861     	569       	45520       	1456640     	28.179431   	1.681287    	42.16     	1250.435852
0.00050296     	579       	46320       	1482240     	28.361517   	1.643323    	42.52     	1309.235179
0.00048737     	589       	47120       	1507840     	27.858188   	1.720098    	40.84     	2487.173262
0.00047186     	599       	47920       	1533440     	27.206617   	1.646408    	42.78     	1213.114537
0.00045644     	609       	48720       	1559040     	27.391622   	1.695617    	40.80     	1132.815452
0.00044114     	619       	49520       	1584640     	26.837440   	1.733775    	42.05     	2450.650534
0.00042596     	629       	50320       	1610240     	26.581168   	1.727526    	42.00     	827.280452
0.00041094     	639       	51120       	1635840     	26.104125   	1.713209    	42.66     	1732.226817
0.00039609     	649       	51920       	1661440     	25.857668   	1.710362    	42.06     	859.899123
0.00038143     	659       	52720       	1687040     	25.939893   	1.805220    	41.14     	851.952643
0.00036697     	669       	53520       	1712640     	25.482283   	1.685467    	42.29     	881.540034
0.00035273     	679       	54320       	1738240     	24.880078   	1.685528    	42.09     	1301.957984
0.00033874     	689       	55120       	1763840     	24.501280   	1.758013    	41.83     	1089.473807
0.00032500     	699       	55920       	1789440     	24.400276   	1.786605    	40.82     	858.086360
0.00031154     	709       	56720       	1815040     	24.335608   	1.715965    	42.76     	862.496470
0.00029836     	719       	57520       	1840640     	23.486974   	1.707490    	42.34     	1108.255032
0.00028550     	729       	58320       	1866240     	23.975645   	1.728507    	41.67     	826.564005
0.00027295     	739       	59120       	1891840     	23.042015   	1.771799    	42.03     	869.313477
0.00026075     	749       	59920       	1917440     	23.116842   	1.751992    	42.24     	881.771396
0.00024889     	759       	60720       	1943040     	22.484839   	1.698886    	42.12     	879.319238
0.00023740     	769       	61520       	1968640     	22.332938   	1.740829    	42.79     	870.611121
0.00022630     	779       	62320       	1994240     	22.210873   	1.727013    	41.80     	982.652081
0.00021558     	789       	63120       	2019840     	22.020338   	1.725377    	42.95     	880.358093
0.00020528     	799       	63920       	2045440     	21.928652   	1.764778    	42.28     	854.256911
0.00019540     	809       	64720       	2071040     	21.713440   	1.739342    	42.52     	854.698498
0.00018594     	819       	65520       	2096640     	21.470219   	1.722254    	42.85     	882.974774
0.00017693     	829       	66320       	2122240     	21.274008   	1.747706    	41.40     	881.908772
0.00016838     	839       	67120       	2147840     	20.830397   	1.763334    	42.96     	879.739665
0.00016029     	849       	67920       	2173440     	20.963389   	1.743661    	41.92     	861.582071
0.00015267     	859       	68720       	2199040     	20.629007   	1.759287    	42.34     	893.971987
0.00014554     	869       	69520       	2224640     	20.784324   	1.760892    	41.56     	881.103622
0.00013890     	879       	70320       	2250240     	20.662908   	1.750704    	42.03     	881.380110
0.00013277     	889       	71120       	2275840     	20.382558   	1.739579    	42.28     	896.766970
0.00012714     	899       	71920       	2301440     	19.934143   	1.788859    	42.45     	876.676411
0.00012202     	909       	72720       	2327040     	19.960109   	1.794809    	41.77     	866.069628
0.00011743     	919       	73520       	2352640     	19.611232   	1.781306    	42.38     	881.753588
0.00011337     	929       	74320       	2378240     	19.586566   	1.779771    	41.45     	1678.187619
0.00010983     	939       	75120       	2403840     	19.810701   	1.762267    	42.70     	891.341361
0.00010684     	949       	75920       	2429440     	19.780474   	1.784750    	42.55     	882.594176
0.00010438     	959       	76720       	2455040     	19.572595   	1.737776    	42.38     	881.855536
0.00010247     	969       	77520       	2480640     	19.385181   	1.789409    	42.43     	888.699521
0.00010110     	979       	78320       	2506240     	19.940279   	1.774400    	42.74     	839.383561
0.00010027     	989       	79120       	2531840     	19.153242   	1.772241    	41.81     	874.698197
0.00010000     	999       	79920       	2557440     	19.231983   	1.790986    	42.16     	872.343924
