Learning Rate	Epoch	BatchNum	DataNum	TrainLoss	TestLoss	TestAcc	Time
0.00010000     	9         	720         	23040       	126.500484  	1.727869    	19.00     	1260.124255
0.00020000     	19        	1520        	48640       	122.434601  	1.714481    	18.39     	1255.701440
0.00030000     	29        	2320        	74240       	120.823770  	1.835415    	18.12     	1254.588737
0.00040000     	39        	3120        	99840       	119.377384  	1.790533    	18.38     	1249.687063
0.00050000     	49        	3920        	125440      	118.735416  	1.729613    	19.63     	1239.189932
0.00060000     	59        	4720        	151040      	117.493858  	1.765380    	18.81     	1242.903138
0.00070000     	69        	5520        	176640      	115.671487  	1.799267    	20.56     	1240.987454
0.00080000     	79        	6320        	202240      	114.157498  	1.811213    	20.24     	1233.437996
0.00090000     	89        	7120        	227840      	112.012449  	1.810426    	21.85     	1235.343304
0.00100000     	99        	7920        	253440      	110.156539  	1.849959    	22.66     	1239.173000
0.00099973     	109       	8720        	279040      	106.480479  	1.809093    	22.21     	1240.542050
0.00099890     	119       	9520        	304640      	101.597036  	1.689934    	27.80     	1241.039646
0.00099753     	129       	10320       	330240      	97.409219   	1.649245    	30.39     	1238.187010
0.00099562     	139       	11120       	355840      	94.564117   	1.624849    	31.60     	1244.912905
0.00099316     	149       	11920       	381440      	92.726434   	1.688983    	30.71     	1251.291999
0.00099017     	159       	12720       	407040      	87.329698   	1.653683    	32.11     	1330.556433
0.00098663     	169       	13520       	432640      	84.724936   	1.586734    	33.60     	1237.263985
0.00098257     	179       	14320       	458240      	84.100713   	1.606510    	36.13     	1241.838138
0.00097798     	189       	15120       	483840      	79.592971   	1.553691    	36.98     	1229.746387
0.00097286     	199       	15920       	509440      	81.455806   	1.549849    	36.52     	1241.116514
0.00096723     	209       	16720       	535040      	76.279731   	1.557762    	39.16     	1243.169945
0.00096110     	219       	17520       	560640      	74.297541   	1.531865    	39.95     	1247.131123
0.00095446     	229       	18320       	586240      	72.317156   	1.544156    	39.94     	1266.082447
0.00094733     	239       	19120       	611840      	70.690266   	1.541006    	38.59     	1239.635551
0.00093971     	249       	19920       	637440      	69.100301   	1.556446    	39.55     	1243.245696
0.00093162     	259       	20720       	663040      	68.578033   	1.550580    	39.55     	1240.568060
0.00092307     	269       	21520       	688640      	68.342156   	1.554298    	40.95     	1240.859917
0.00091406     	279       	22320       	714240      	67.168375   	1.583689    	38.05     	1238.952282
0.00090460     	289       	23120       	739840      	65.673024   	1.566207    	40.52     	1459.628598
0.00089472     	299       	23920       	765440      	65.230616   	1.596973    	39.78     	1621.245300
0.00088442     	309       	24720       	791040      	63.387861   	1.520655    	41.15     	1324.492990
0.00087370     	319       	25520       	816640      	63.426031   	1.537609    	40.38     	1234.711453
0.00086260     	329       	26320       	842240      	61.870211   	1.630788    	39.53     	1237.434873
0.00085111     	339       	27120       	867840      	61.496316   	1.565930    	40.82     	1240.919360
0.00083925     	349       	27920       	893440      	60.866994   	1.535921    	42.02     	1243.135312
0.00082705     	359       	28720       	919040      	59.211546   	1.532845    	42.02     	1243.098392
0.00081450     	369       	29520       	944640      	59.209995   	1.561682    	41.50     	1245.393324
0.00080164     	379       	30320       	970240      	58.102630   	1.538727    	42.05     	1248.500493
0.00078846     	389       	31120       	995840      	57.073752   	1.578824    	39.66     	1256.353579
0.00077500     	399       	31920       	1021440     	57.277168   	1.573059    	41.61     	1256.765073
0.00076126     	409       	32720       	1047040     	57.025795   	1.575147    	41.68     	1245.395786
0.00074727     	419       	33520       	1072640     	56.152468   	1.529856    	42.03     	1247.499078
0.00073303     	429       	34320       	1098240     	55.752115   	1.609010    	41.54     	1243.195785
0.00071857     	439       	35120       	1123840     	55.668442   	1.573694    	39.52     	1243.751664
0.00070391     	449       	35920       	1149440     	55.549829   	1.558930    	42.49     	1241.778709
0.00068906     	459       	36720       	1175040     	54.507198   	1.562497    	41.77     	1243.628516
0.00067404     	469       	37520       	1200640     	53.797759   	1.570168    	41.74     	1241.702819
0.00065886     	479       	38320       	1226240     	52.546165   	1.574870    	42.30     	1242.974287
0.00064356     	489       	39120       	1251840     	52.425696   	1.568860    	43.55     	1241.221750
0.00062814     	499       	39920       	1277440     	52.193043   	1.577445    	42.60     	1248.182393
0.00061263     	509       	40720       	1303040     	51.499002   	1.561958    	41.77     	1255.162344
0.00059704     	519       	41520       	1328640     	51.527932   	1.551695    	42.40     	1246.586010
0.00058139     	529       	42320       	1354240     	51.585023   	1.596580    	41.42     	1243.053611
0.00056570     	539       	43120       	1379840     	51.970362   	1.543461    	41.80     	1244.875859
0.00055000     	549       	43920       	1405440     	50.722343   	1.570851    	41.73     	1245.075326
0.00053430     	559       	44720       	1431040     	50.660402   	1.559018    	42.34     	1244.710607
0.00051861     	569       	45520       	1456640     	49.400096   	1.577844    	41.05     	1241.722575
0.00050296     	579       	46320       	1482240     	48.576977   	1.549315    	41.31     	1243.495449
0.00048737     	589       	47120       	1507840     	48.556483   	1.605337    	41.43     	1239.919143
0.00047186     	599       	47920       	1533440     	48.099713   	1.564693    	42.60     	1238.391216
0.00045644     	609       	48720       	1559040     	47.221134   	1.537959    	43.07     	1247.237314
0.00044114     	619       	49520       	1584640     	46.857551   	1.535396    	42.88     	1351.193852
0.00042596     	629       	50320       	1610240     	46.295391   	1.535165    	43.66     	1236.087017
0.00041094     	639       	51120       	1635840     	46.388042   	1.555000    	43.48     	1255.473666
0.00039609     	649       	51920       	1661440     	46.130718   	1.585553    	41.73     	1240.210311
0.00038143     	659       	52720       	1687040     	45.401204   	1.560048    	43.71     	1244.372681
0.00036697     	669       	53520       	1712640     	44.825646   	1.565140    	43.19     	1253.353484
0.00035273     	679       	54320       	1738240     	44.267101   	1.542750    	43.67     	1243.877409
0.00033874     	689       	55120       	1763840     	43.750811   	1.543893    	44.23     	1242.848232
0.00032500     	699       	55920       	1789440     	44.127208   	1.560622    	43.33     	1244.298551
0.00031154     	709       	56720       	1815040     	43.736547   	1.579676    	42.99     	1232.489854
0.00029836     	719       	57520       	1840640     	42.919221   	1.561375    	43.67     	1241.733235
0.00028550     	729       	58320       	1866240     	42.573222   	1.546375    	44.55     	1247.521092
0.00027295     	739       	59120       	1891840     	42.455546   	1.605191    	43.07     	1372.790222
0.00026075     	749       	59920       	1917440     	42.240348   	1.552400    	43.88     	1460.061886
0.00024889     	759       	60720       	1943040     	41.877544   	1.557960    	43.65     	1291.337282
0.00023740     	769       	61520       	1968640     	41.810152   	1.509799    	45.24     	1040.932137
0.00022630     	779       	62320       	1994240     	41.083664   	1.534585    	44.16     	1235.592322
0.00021558     	789       	63120       	2019840     	41.021791   	1.514471    	44.38     	1248.384028
0.00020528     	799       	63920       	2045440     	40.728759   	1.558845    	43.62     	1233.698775
0.00019540     	809       	64720       	2071040     	40.665660   	1.571041    	43.20     	1250.781248
0.00018594     	819       	65520       	2096640     	40.350101   	1.568696    	43.90     	1242.088030
0.00017693     	829       	66320       	2122240     	40.030585   	1.562077    	43.12     	1248.942084
0.00016838     	839       	67120       	2147840     	39.881948   	1.542596    	43.77     	1271.943410
0.00016029     	849       	67920       	2173440     	39.583686   	1.540048    	43.84     	1248.431351
0.00015267     	859       	68720       	2199040     	39.454849   	1.562709    	43.88     	1230.374786
0.00014554     	869       	69520       	2224640     	39.268391   	1.571615    	44.28     	1245.968627
0.00013890     	879       	70320       	2250240     	39.227354   	1.558193    	43.60     	1102.948854
0.00013277     	889       	71120       	2275840     	39.000378   	1.534546    	44.48     	1231.575155
0.00012714     	899       	71920       	2301440     	38.771126   	1.537501    	44.98     	1222.191145
0.00012202     	909       	72720       	2327040     	38.435612   	1.574338    	43.70     	1245.167932
0.00011743     	919       	73520       	2352640     	38.645609   	1.552270    	44.66     	1241.840731
0.00011337     	929       	74320       	2378240     	38.389985   	1.545395    	44.67     	1247.623163
0.00010983     	939       	75120       	2403840     	38.507849   	1.538969    	43.83     	1245.121474
0.00010684     	949       	75920       	2429440     	37.884151   	1.557190    	44.41     	1255.357414
0.00010438     	959       	76720       	2455040     	38.322343   	1.537783    	44.59     	1252.965112
0.00010247     	969       	77520       	2480640     	37.849506   	1.520564    	44.97     	1251.656253
0.00010110     	979       	78320       	2506240     	38.018634   	1.557202    	44.07     	1244.692160
0.00010027     	989       	79120       	2531840     	37.845222   	1.586544    	43.16     	1125.172669
0.00010000     	999       	79920       	2557440     	37.927730   	1.567817    	43.42     	832.131167
