Learning Rate	Epoch	BatchNum	DataNum	TrainLoss	TestLoss	TestAcc	Time
0.00010000     	9         	1440        	23040       	256.657001  	1.670728    	19.12     	566.608265
0.00020000     	19        	3040        	48640       	255.236398  	1.656391    	22.87     	570.902274
0.00030000     	29        	4640        	74240       	250.114882  	1.746252    	20.64     	569.798135
0.00040000     	39        	6240        	99840       	245.367392  	1.702918    	21.76     	574.579214
0.00050000     	49        	7840        	125440      	196.710606  	1.210291    	47.45     	566.714668
0.00060000     	59        	9440        	151040      	115.005822  	0.733911    	65.84     	635.245236
0.00070000     	69        	11040       	176640      	69.988395   	0.533765    	75.27     	569.259885
0.00080000     	79        	12640       	202240      	51.550136   	0.556710    	74.58     	595.386335
0.00090000     	89        	14240       	227840      	42.894713   	0.479514    	77.67     	575.010104
0.00100000     	99        	15840       	253440      	40.166884   	0.487762    	77.80     	588.186878
0.00099973     	109       	17440       	279040      	38.757939   	0.398429    	82.83     	570.617332
0.00099890     	119       	19040       	304640      	33.238888   	0.376042    	84.92     	571.618258
0.00099753     	129       	20640       	330240      	29.024079   	0.359894    	84.55     	573.767724
0.00099562     	139       	22240       	355840      	27.365456   	0.328608    	86.04     	581.149436
0.00099316     	149       	23840       	381440      	23.947114   	0.291795    	87.52     	572.526566
0.00099017     	159       	25440       	407040      	22.601181   	0.283949    	88.86     	577.522882
0.00098663     	169       	27040       	432640      	21.691573   	0.280975    	88.24     	571.659171
0.00098257     	179       	28640       	458240      	20.623228   	0.264963    	89.31     	570.266681
0.00097798     	189       	30240       	483840      	19.338167   	0.283590    	88.10     	570.496400
0.00097286     	199       	31840       	509440      	17.363004   	0.271417    	88.70     	583.853788
0.00096723     	209       	33440       	535040      	16.935269   	0.262717    	89.27     	572.439090
0.00096110     	219       	35040       	560640      	15.829166   	0.263085    	90.16     	630.842266
0.00095446     	229       	36640       	586240      	15.879063   	0.278460    	88.91     	570.953905
0.00094733     	239       	38240       	611840      	15.454214   	0.279624    	88.99     	573.131194
0.00093971     	249       	39840       	637440      	15.010367   	0.245014    	89.73     	585.189816
0.00093162     	259       	41440       	663040      	13.918221   	0.240989    	90.21     	583.652592
0.00092307     	269       	43040       	688640      	13.481547   	0.233589    	90.29     	583.151022
0.00091406     	279       	44640       	714240      	13.079484   	0.239421    	90.11     	576.213178
0.00090460     	289       	46240       	739840      	12.668175   	0.242414    	89.11     	572.160376
0.00089472     	299       	47840       	765440      	12.306383   	0.204218    	92.01     	575.441717
0.00088442     	309       	49440       	791040      	12.578141   	0.248785    	89.17     	578.342761
0.00087370     	319       	51040       	816640      	11.726579   	0.241114    	89.66     	572.015007
0.00086260     	329       	52640       	842240      	11.378963   	0.223362    	91.16     	574.099510
0.00085111     	339       	54240       	867840      	11.512726   	0.213818    	91.44     	592.346186
0.00083925     	349       	55840       	893440      	10.867524   	0.218359    	91.36     	596.177502
0.00082705     	359       	57440       	919040      	10.249636   	0.212108    	91.16     	568.799243
0.00081450     	369       	59040       	944640      	10.359735   	0.219933    	91.00     	570.785184
0.00080164     	379       	60640       	970240      	9.971991    	0.201457    	91.85     	750.963112
0.00078846     	389       	62240       	995840      	9.870530    	0.198466    	91.88     	569.501675
0.00077500     	399       	63840       	1021440     	9.537250    	0.210795    	91.55     	597.631986
0.00076126     	409       	65440       	1047040     	9.716518    	0.200039    	91.77     	570.799503
0.00074727     	419       	67040       	1072640     	9.461349    	0.195806    	92.13     	570.015687
0.00073303     	429       	68640       	1098240     	9.007771    	0.201588    	92.06     	571.661038
0.00071857     	439       	70240       	1123840     	9.047068    	0.205483    	91.74     	564.193690
0.00070391     	449       	71840       	1149440     	8.736396    	0.192587    	92.17     	565.244718
0.00068906     	459       	73440       	1175040     	8.480806    	0.181156    	92.71     	572.552030
0.00067404     	469       	75040       	1200640     	8.330810    	0.188310    	92.16     	572.339893
0.00065886     	479       	76640       	1226240     	8.200586    	0.191810    	92.48     	583.691845
0.00064356     	489       	78240       	1251840     	7.658261    	0.183115    	92.52     	608.670598
0.00062814     	499       	79840       	1277440     	7.724742    	0.179177    	92.80     	597.600705
0.00061263     	509       	81440       	1303040     	7.383427    	0.166210    	93.16     	593.061475
0.00059704     	519       	83040       	1328640     	7.404140    	0.202143    	92.21     	582.708363
0.00058139     	529       	84640       	1354240     	6.910326    	0.173573    	92.85     	575.640267
0.00056570     	539       	86240       	1379840     	6.913843    	0.174353    	92.75     	576.949355
0.00055000     	549       	87840       	1405440     	6.810743    	0.175427    	92.66     	579.392354
0.00053430     	559       	89440       	1431040     	6.650385    	0.165726    	93.00     	580.741010
0.00051861     	569       	91040       	1456640     	6.829909    	0.177257    	92.89     	576.344976
0.00050296     	579       	92640       	1482240     	6.293634    	0.167890    	93.16     	592.837709
0.00048737     	589       	94240       	1507840     	6.279480    	0.174291    	92.88     	575.493968
0.00047186     	599       	95840       	1533440     	6.214115    	0.150171    	93.84     	587.086790
0.00045644     	609       	97440       	1559040     	5.784222    	0.158872    	93.58     	574.399029
0.00044114     	619       	99040       	1584640     	6.001663    	0.153080    	93.75     	578.518581
0.00042596     	629       	100640      	1610240     	5.703748    	0.157825    	93.55     	578.359139
0.00041094     	639       	102240      	1635840     	5.621233    	0.164733    	93.10     	590.939906
0.00039609     	649       	103840      	1661440     	5.514354    	0.148493    	93.77     	587.751975
0.00038143     	659       	105440      	1687040     	5.354988    	0.158944    	92.91     	575.950032
0.00036697     	669       	107040      	1712640     	5.248213    	0.147537    	94.19     	582.754212
0.00035273     	679       	108640      	1738240     	5.252763    	0.154077    	93.32     	583.303690
0.00033874     	689       	110240      	1763840     	5.045247    	0.144759    	93.70     	698.533075
0.00032500     	699       	111840      	1789440     	4.954066    	0.146227    	93.99     	578.334739
0.00031154     	709       	113440      	1815040     	4.823102    	0.144233    	94.07     	581.912725
0.00029836     	719       	115040      	1840640     	4.854146    	0.148265    	94.12     	577.495239
0.00028550     	729       	116640      	1866240     	4.648244    	0.140872    	93.71     	579.642208
0.00027295     	739       	118240      	1891840     	4.732921    	0.150922    	93.72     	579.312277
0.00026075     	749       	119840      	1917440     	4.618155    	0.149435    	93.67     	585.971253
0.00024889     	759       	121440      	1943040     	4.541684    	0.151457    	94.23     	590.059765
0.00023740     	769       	123040      	1968640     	4.540557    	0.143171    	94.13     	580.021921
0.00022630     	779       	124640      	1994240     	4.215200    	0.148756    	93.77     	600.085619
0.00021558     	789       	126240      	2019840     	4.149247    	0.140138    	94.22     	593.470082
0.00020528     	799       	127840      	2045440     	4.218233    	0.148943    	93.88     	673.924388
0.00019540     	809       	129440      	2071040     	3.979282    	0.145543    	94.03     	581.389112
0.00018594     	819       	131040      	2096640     	4.253948    	0.144281    	93.91     	586.740612
0.00017693     	829       	132640      	2122240     	3.986637    	0.140893    	93.79     	596.104933
0.00016838     	839       	134240      	2147840     	4.090374    	0.140564    	94.55     	588.102872
0.00016029     	849       	135840      	2173440     	4.150832    	0.140878    	94.34     	588.991110
0.00015267     	859       	137440      	2199040     	3.746729    	0.137008    	94.33     	552.125539
0.00014554     	869       	139040      	2224640     	3.912645    	0.137549    	93.93     	558.646379
0.00013890     	879       	140640      	2250240     	3.855864    	0.133020    	94.26     	558.677849
0.00013277     	889       	142240      	2275840     	4.018696    	0.134396    	94.50     	564.246191
0.00012714     	899       	143840      	2301440     	3.727854    	0.130490    	94.70     	554.527060
0.00012202     	909       	145440      	2327040     	3.641458    	0.133411    	94.67     	563.287901
0.00011743     	919       	147040      	2352640     	3.845508    	0.138071    	94.18     	556.856643
0.00011337     	929       	148640      	2378240     	3.634385    	0.132107    	94.67     	554.177042
0.00010983     	939       	150240      	2403840     	3.522230    	0.138060    	93.95     	562.225385
0.00010684     	949       	151840      	2429440     	3.755971    	0.141419    	94.37     	564.666083
0.00010438     	959       	153440      	2455040     	3.572923    	0.128545    	94.55     	566.136139
0.00010247     	969       	155040      	2480640     	3.569848    	0.127013    	94.70     	570.324063
0.00010110     	979       	156640      	2506240     	3.557540    	0.133129    	94.69     	558.874845
0.00010027     	989       	158240      	2531840     	3.495862    	0.124040    	94.66     	561.274723
0.00010000     	999       	159840      	2557440     	3.492072    	0.140352    	94.36     	560.678100
