Learning Rate	Epoch	BatchNum	DataNum	TrainLoss	TestLoss	TestAcc	Time
0.00010000     	9         	2880        	23040       	504.339640  	1.699958    	18.06     	1807.685738
0.00020000     	19        	6080        	48640       	490.111362  	1.721534    	20.37     	1798.228284
0.00030000     	29        	9280        	74240       	482.690339  	1.822671    	16.96     	1793.805651
0.00040000     	39        	12480       	99840       	473.816466  	1.799250    	18.55     	1786.098441
0.00050000     	49        	15680       	125440      	465.705072  	1.833147    	20.27     	1796.220316
0.00060000     	59        	18880       	151040      	455.988619  	1.833585    	20.85     	1783.324737
0.00070000     	69        	22080       	176640      	444.794057  	1.719882    	23.91     	1779.403792
0.00080000     	79        	25280       	202240      	423.225878  	1.600307    	30.48     	1776.420909
0.00090000     	89        	28480       	227840      	394.377913  	1.555015    	35.31     	1770.306752
0.00100000     	99        	31680       	253440      	369.530337  	1.493253    	37.62     	1783.209952
0.00099973     	109       	34880       	279040      	349.721322  	1.464897    	38.62     	1767.078343
0.00099890     	119       	38080       	304640      	332.206621  	1.524608    	36.18     	1784.592988
0.00099753     	129       	41280       	330240      	319.029951  	1.508486    	38.90     	1780.561358
0.00099562     	139       	44480       	355840      	316.619444  	1.417347    	41.77     	1792.222411
0.00099316     	149       	47680       	381440      	313.531252  	1.526376    	38.07     	1789.261610
0.00099017     	159       	50880       	407040      	318.294865  	1.554790    	37.67     	1779.004904
0.00098663     	169       	54080       	432640      	314.835467  	1.452541    	38.72     	1786.958679
0.00098257     	179       	57280       	458240      	305.310255  	1.496282    	39.74     	1773.007228
0.00097798     	189       	60480       	483840      	298.368038  	1.500862    	38.79     	1781.442079
0.00097286     	199       	63680       	509440      	294.486840  	1.514945    	39.38     	1782.353169
0.00096723     	209       	66880       	535040      	298.756105  	1.518069    	39.96     	1784.379115
0.00096110     	219       	70080       	560640      	294.197809  	1.473772    	40.09     	1785.997613
0.00095446     	229       	73280       	586240      	292.963183  	1.518257    	39.75     	1769.955987
0.00094733     	239       	76480       	611840      	288.883956  	1.546605    	39.35     	1785.344040
0.00093971     	249       	79680       	637440      	286.395579  	1.549040    	38.09     	1783.102100
0.00093162     	259       	82880       	663040      	286.155827  	1.501464    	39.49     	1789.306712
0.00092307     	269       	86080       	688640      	288.189653  	1.508551    	39.37     	1778.003343
0.00091406     	279       	89280       	714240      	291.591936  	1.467511    	39.77     	1766.661319
0.00090460     	289       	92480       	739840      	287.985256  	1.479760    	42.19     	1772.919361
0.00089472     	299       	95680       	765440      	285.075530  	1.542365    	39.21     	1779.472826
0.00088442     	309       	98880       	791040      	282.874522  	1.469413    	40.67     	1775.759623
0.00087370     	319       	102080      	816640      	282.884886  	1.560360    	39.06     	1778.936719
0.00086260     	329       	105280      	842240      	284.417401  	1.493891    	40.98     	1811.401909
0.00085111     	339       	108480      	867840      	279.129399  	1.463954    	41.52     	1763.947406
0.00083925     	349       	111680      	893440      	279.089747  	1.490245    	41.70     	1790.605289
0.00082705     	359       	114880      	919040      	275.140117  	1.531702    	39.79     	1826.433219
0.00081450     	369       	118080      	944640      	274.936156  	1.503143    	40.72     	1841.262288
0.00080164     	379       	121280      	970240      	272.878341  	1.505067    	41.06     	1876.707392
0.00078846     	389       	124480      	995840      	274.229534  	1.506245    	41.35     	1857.042187
0.00077500     	399       	127680      	1021440     	270.674700  	1.485727    	42.02     	1863.630979
0.00076126     	409       	130880      	1047040     	271.353265  	1.495646    	40.99     	1850.527876
0.00074727     	419       	134080      	1072640     	268.763045  	1.483858    	40.87     	1854.982729
0.00073303     	429       	137280      	1098240     	269.700160  	1.503373    	42.13     	1825.905139
0.00071857     	439       	140480      	1123840     	267.092842  	1.512808    	40.20     	1856.024196
0.00070391     	449       	143680      	1149440     	264.720219  	1.561735    	41.48     	1845.972752
0.00068906     	459       	146880      	1175040     	263.041223  	1.446173    	43.60     	1825.494182
0.00067404     	469       	150080      	1200640     	262.771948  	1.530216    	40.04     	1848.009117
0.00065886     	479       	153280      	1226240     	260.045818  	1.488628    	41.15     	1846.279783
0.00064356     	489       	156480      	1251840     	260.988448  	1.464090    	43.84     	1777.179700
0.00062814     	499       	159680      	1277440     	259.453449  	1.477642    	41.96     	1769.629405
0.00061263     	509       	162880      	1303040     	253.560290  	1.437845    	41.98     	1764.494827
0.00059704     	519       	166080      	1328640     	252.226138  	1.499327    	41.88     	1776.733620
0.00058139     	529       	169280      	1354240     	252.855295  	1.470021    	42.16     	1755.972238
0.00056570     	539       	172480      	1379840     	249.606406  	1.477071    	43.39     	1777.120661
0.00055000     	549       	175680      	1405440     	248.976479  	1.419665    	43.59     	1773.483521
0.00053430     	559       	178880      	1431040     	246.860741  	1.476249    	43.62     	1834.553711
0.00051861     	569       	182080      	1456640     	243.609607  	1.506843    	42.23     	1863.764011
0.00050296     	579       	185280      	1482240     	242.737756  	1.499478    	42.04     	1851.237131
0.00048737     	589       	188480      	1507840     	242.148642  	1.474917    	44.13     	1803.898032
0.00047186     	599       	191680      	1533440     	241.873180  	1.481033    	43.48     	1783.569652
0.00045644     	609       	194880      	1559040     	240.921867  	1.450130    	43.10     	1796.167681
0.00044114     	619       	198080      	1584640     	239.226224  	1.452629    	44.29     	1784.648882
0.00042596     	629       	201280      	1610240     	237.858462  	1.460370    	42.89     	1759.484484
0.00041094     	639       	204480      	1635840     	237.335603  	1.491874    	42.14     	1464.016170
0.00039609     	649       	207680      	1661440     	237.655056  	1.480886    	41.66     	1433.437053
0.00038143     	659       	210880      	1687040     	235.793777  	1.475122    	43.05     	1432.602358
0.00036697     	669       	214080      	1712640     	232.430812  	1.481728    	43.43     	1446.305801
0.00035273     	679       	217280      	1738240     	231.195766  	1.513606    	41.88     	1455.257752
0.00033874     	689       	220480      	1763840     	230.063994  	1.474586    	43.22     	1448.379175
0.00032500     	699       	223680      	1789440     	230.827576  	1.449842    	44.26     	1430.599123
0.00031154     	709       	226880      	1815040     	228.172678  	1.451307    	43.59     	1446.290079
0.00029836     	719       	230080      	1840640     	225.724909  	1.468635    	43.06     	1437.948803
0.00028550     	729       	233280      	1866240     	226.412977  	1.454872    	43.91     	1448.223259
0.00027295     	739       	236480      	1891840     	223.817191  	1.460803    	43.14     	1455.120805
0.00026075     	749       	239680      	1917440     	223.064939  	1.492599    	42.87     	1451.462737
0.00024889     	759       	242880      	1943040     	222.043098  	1.452142    	44.64     	1450.202526
0.00023740     	769       	246080      	1968640     	223.067218  	1.514625    	43.05     	1430.313798
0.00022630     	779       	249280      	1994240     	218.118363  	1.454883    	44.20     	1450.541668
0.00021558     	789       	252480      	2019840     	221.742767  	1.483499    	43.05     	1455.884392
0.00020528     	799       	255680      	2045440     	218.527983  	1.459863    	43.48     	1442.551798
0.00019540     	809       	258880      	2071040     	217.218287  	1.460355    	43.66     	1443.880707
0.00018594     	819       	262080      	2096640     	216.222936  	1.480993    	43.34     	1436.943198
0.00017693     	829       	265280      	2122240     	215.007597  	1.484586    	42.95     	1450.141267
0.00016838     	839       	268480      	2147840     	214.740444  	1.435670    	45.31     	1462.862568
0.00016029     	849       	271680      	2173440     	212.229262  	1.431659    	44.56     	1431.950890
0.00015267     	859       	274880      	2199040     	212.226277  	1.432391    	44.62     	1450.747123
0.00014554     	869       	278080      	2224640     	209.654419  	1.479119    	43.86     	1461.445036
0.00013890     	879       	281280      	2250240     	212.499812  	1.456127    	43.90     	1442.207765
0.00013277     	889       	284480      	2275840     	211.541709  	1.432397    	45.19     	1435.285637
0.00012714     	899       	287680      	2301440     	209.654084  	1.463483    	43.54     	1447.362624
0.00012202     	909       	290880      	2327040     	208.047029  	1.438243    	43.75     	1433.426682
0.00011743     	919       	294080      	2352640     	206.961988  	1.469693    	43.62     	1450.721705
0.00011337     	929       	297280      	2378240     	208.047855  	1.473400    	44.05     	1429.739673
0.00010983     	939       	300480      	2403840     	209.869966  	1.462524    	43.99     	1436.934958
0.00010684     	949       	303680      	2429440     	206.399055  	1.447601    	45.38     	1439.645333
0.00010438     	959       	306880      	2455040     	207.040277  	1.443110    	45.08     	1439.030870
0.00010247     	969       	310080      	2480640     	206.166216  	1.444652    	44.58     	1438.432392
0.00010110     	979       	313280      	2506240     	206.890779  	1.449231    	44.82     	1438.502707
0.00010027     	989       	316480      	2531840     	205.272999  	1.439720    	44.45     	1461.339961
0.00010000     	999       	319680      	2557440     	204.813126  	1.474899    	43.38     	1460.108882
