Learning Rate	Epoch	BatchNum	DataNum	TrainLoss	TestLoss	TestAcc	Time
0.00010000     	9         	1440        	23040       	254.008821  	1.676569    	19.51     	700.244779
0.00020000     	19        	3040        	48640       	250.057308  	1.806773    	19.02     	695.541076
0.00030000     	29        	4640        	74240       	245.973378  	1.753940    	18.67     	706.384549
0.00040000     	39        	6240        	99840       	242.962740  	1.813074    	20.11     	696.239384
0.00050000     	49        	7840        	125440      	240.410641  	1.820228    	19.34     	697.188642
0.00060000     	59        	9440        	151040      	237.518705  	1.854961    	18.85     	701.851429
0.00070000     	69        	11040       	176640      	235.257658  	1.870563    	19.06     	704.643003
0.00080000     	79        	12640       	202240      	233.863931  	1.880340    	19.32     	715.089906
0.00090000     	89        	14240       	227840      	232.407617  	1.845250    	18.29     	700.088986
0.00100000     	99        	15840       	253440      	230.702228  	1.847736    	18.28     	701.589337
0.00099973     	109       	17440       	279040      	230.166185  	1.848093    	17.96     	710.456205
0.00099890     	119       	19040       	304640      	229.469321  	1.883027    	19.54     	707.449282
0.00099753     	129       	20640       	330240      	228.787830  	1.881871    	18.51     	1224.623575
0.00099562     	139       	22240       	355840      	228.615327  	1.882057    	18.45     	1245.137380
0.00099316     	149       	23840       	381440      	227.252111  	1.987683    	19.24     	1202.410350
0.00099017     	159       	25440       	407040      	227.804343  	1.883326    	18.34     	1011.978573
0.00098663     	169       	27040       	432640      	228.362023  	1.839830    	20.57     	701.234214
0.00098257     	179       	28640       	458240      	226.891727  	1.996412    	17.62     	703.618181
0.00097798     	189       	30240       	483840      	227.462651  	1.922684    	19.48     	706.560010
0.00097286     	199       	31840       	509440      	227.201002  	1.982072    	17.54     	708.169124
0.00096723     	209       	33440       	535040      	226.747282  	1.867396    	18.53     	708.164450
0.00096110     	219       	35040       	560640      	226.998667  	1.889487    	18.99     	711.285687
0.00095446     	229       	36640       	586240      	224.153316  	1.882668    	18.09     	708.040042
0.00094733     	239       	38240       	611840      	223.103227  	1.945594    	19.35     	707.312615
0.00093971     	249       	39840       	637440      	222.520911  	1.940131    	18.24     	706.476452
0.00093162     	259       	41440       	663040      	221.195897  	1.993756    	18.00     	710.105607
0.00092307     	269       	43040       	688640      	220.843206  	2.030116    	19.45     	703.281746
0.00091406     	279       	44640       	714240      	220.406696  	1.972097    	18.94     	707.965116
0.00090460     	289       	46240       	739840      	219.946386  	1.991191    	18.90     	705.846393
0.00089472     	299       	47840       	765440      	220.022721  	1.922333    	18.90     	704.619084
0.00088442     	309       	49440       	791040      	219.652030  	1.922955    	20.00     	706.542893
0.00087370     	319       	51040       	816640      	220.002693  	1.873536    	19.27     	705.096338
0.00086260     	329       	52640       	842240      	219.336241  	1.890982    	19.09     	703.672121
0.00085111     	339       	54240       	867840      	219.660847  	1.911911    	18.66     	700.155373
0.00083925     	349       	55840       	893440      	220.008795  	1.966319    	18.62     	703.105134
0.00082705     	359       	57440       	919040      	220.246371  	2.005269    	19.30     	706.470961
0.00081450     	369       	59040       	944640      	220.590003  	1.918469    	18.29     	701.569233
0.00080164     	379       	60640       	970240      	220.010828  	1.900260    	18.34     	699.704639
0.00078846     	389       	62240       	995840      	219.924062  	1.995078    	17.46     	703.291191
0.00077500     	399       	63840       	1021440     	219.485298  	2.002109    	19.71     	703.959927
0.00076126     	409       	65440       	1047040     	219.005608  	1.939567    	20.35     	701.926745
0.00074727     	419       	67040       	1072640     	219.468434  	1.959272    	18.09     	704.260939
0.00073303     	429       	68640       	1098240     	219.126149  	2.032629    	18.82     	702.516616
0.00071857     	439       	70240       	1123840     	219.101659  	1.975410    	18.66     	697.928560
0.00070391     	449       	71840       	1149440     	219.485360  	1.947219    	19.73     	701.913656
0.00068906     	459       	73440       	1175040     	218.781925  	1.879771    	19.41     	712.858710
0.00067404     	469       	75040       	1200640     	218.951721  	1.997807    	18.96     	718.209989
0.00065886     	479       	76640       	1226240     	218.545215  	2.024392    	17.80     	698.397407
0.00064356     	489       	78240       	1251840     	218.054821  	2.008424    	18.31     	696.596668
0.00062814     	499       	79840       	1277440     	218.106718  	1.951622    	18.16     	698.470332
0.00061263     	509       	81440       	1303040     	218.207247  	2.045364    	18.14     	694.998174
0.00059704     	519       	83040       	1328640     	217.652591  	1.957202    	18.99     	690.181009
0.00058139     	529       	84640       	1354240     	217.467350  	1.965778    	19.65     	689.227937
0.00056570     	539       	86240       	1379840     	218.006413  	2.115100    	19.18     	689.804890
0.00055000     	549       	87840       	1405440     	217.962668  	1.965566    	18.75     	686.121776
0.00053430     	559       	89440       	1431040     	217.212909  	1.959598    	19.15     	686.600787
0.00051861     	569       	91040       	1456640     	217.042943  	2.088919    	18.22     	689.223559
0.00050296     	579       	92640       	1482240     	217.022644  	2.012840    	19.01     	688.696396
0.00048737     	589       	94240       	1507840     	215.941175  	2.028682    	18.72     	687.617785
0.00047186     	599       	95840       	1533440     	216.451066  	1.963232    	19.23     	722.572547
0.00045644     	609       	97440       	1559040     	215.326730  	1.974915    	19.90     	687.544773
0.00044114     	619       	99040       	1584640     	214.832354  	2.010743    	19.34     	689.005645
0.00042596     	629       	100640      	1610240     	215.020345  	2.120199    	18.60     	687.243564
0.00041094     	639       	102240      	1635840     	214.648379  	2.091140    	17.93     	686.146841
0.00039609     	649       	103840      	1661440     	213.892324  	2.078258    	18.10     	688.227238
0.00038143     	659       	105440      	1687040     	214.147351  	2.000290    	18.30     	688.501201
0.00036697     	669       	107040      	1712640     	214.180921  	2.095417    	19.30     	684.537388
0.00035273     	679       	108640      	1738240     	213.544144  	2.034988    	17.83     	691.630211
0.00033874     	689       	110240      	1763840     	213.151676  	2.027101    	19.80     	688.182227
0.00032500     	699       	111840      	1789440     	212.684846  	2.039149    	19.17     	695.474922
0.00031154     	709       	113440      	1815040     	211.918762  	2.104532    	18.55     	790.606248
0.00029836     	719       	115040      	1840640     	212.346747  	2.011074    	19.12     	684.148406
0.00028550     	729       	116640      	1866240     	211.509876  	2.056641    	19.28     	687.521849
0.00027295     	739       	118240      	1891840     	211.704923  	2.083374    	19.95     	687.432179
0.00026075     	749       	119840      	1917440     	211.731887  	2.057815    	19.12     	978.126053
0.00024889     	759       	121440      	1943040     	211.889397  	2.040687    	19.44     	1757.092175
0.00023740     	769       	123040      	1968640     	211.659436  	2.081497    	18.78     	1723.989450
0.00022630     	779       	124640      	1994240     	210.677991  	2.079925    	18.32     	1743.833265
0.00021558     	789       	126240      	2019840     	210.413568  	2.092826    	18.92     	1736.638624
0.00020528     	799       	127840      	2045440     	210.561096  	2.047497    	18.19     	1738.441960
0.00019540     	809       	129440      	2071040     	210.122039  	2.107241    	19.56     	1758.048688
0.00018594     	819       	131040      	2096640     	209.832709  	2.070146    	19.30     	1733.782829
0.00017693     	829       	132640      	2122240     	210.150796  	2.044532    	18.57     	1744.670158
0.00016838     	839       	134240      	2147840     	209.253830  	2.142340    	19.12     	1738.042563
0.00016029     	849       	135840      	2173440     	209.518485  	2.091269    	19.59     	1760.266732
0.00015267     	859       	137440      	2199040     	209.248059  	2.094690    	19.48     	1750.763844
0.00014554     	869       	139040      	2224640     	208.476974  	2.168172    	19.07     	1762.556344
0.00013890     	879       	140640      	2250240     	208.184988  	2.110556    	19.09     	1743.579378
0.00013277     	889       	142240      	2275840     	208.015829  	2.141615    	18.43     	1760.158738
0.00012714     	899       	143840      	2301440     	207.792026  	2.086407    	18.95     	1766.734052
0.00012202     	909       	145440      	2327040     	208.234166  	2.133536    	18.16     	1754.719932
0.00011743     	919       	147040      	2352640     	207.134215  	2.092146    	19.30     	1754.669527
0.00011337     	929       	148640      	2378240     	207.142495  	2.125892    	19.29     	1738.824210
0.00010983     	939       	150240      	2403840     	206.602961  	2.126591    	19.39     	1758.429209
0.00010684     	949       	151840      	2429440     	206.875692  	2.135806    	19.49     	1729.332819
0.00010438     	959       	153440      	2455040     	206.532636  	2.099263    	19.29     	1732.541794
0.00010247     	969       	155040      	2480640     	206.741688  	2.143010    	19.17     	1749.514215
0.00010110     	979       	156640      	2506240     	207.082586  	2.106819    	19.04     	1733.378111
0.00010027     	989       	158240      	2531840     	206.846735  	2.171966    	19.02     	1761.985328
0.00010000     	999       	159840      	2557440     	206.280337  	2.132728    	19.08     	1730.235973
