Learning Rate	Epoch	BatchNum	DataNum	TrainLoss	TestLoss	TestAcc	Time
0.00010000     	9         	1440        	23040       	256.592007  	1.658166    	21.27     	3447.933273
0.00020000     	19        	3040        	48640       	252.576713  	1.713251    	17.84     	3478.100225
0.00030000     	29        	4640        	74240       	248.787188  	1.768569    	17.43     	3321.151094
0.00040000     	39        	6240        	99840       	244.630802  	1.803730    	16.77     	3291.288876
0.00050000     	49        	7840        	125440      	243.056825  	1.794274    	18.54     	2764.554543
0.00060000     	59        	9440        	151040      	239.848171  	1.824241    	18.54     	3076.872299
0.00070000     	69        	11040       	176640      	237.381104  	1.814258    	19.55     	2800.987021
0.00080000     	79        	12640       	202240      	232.659946  	1.781113    	20.42     	2409.056199
0.00090000     	89        	14240       	227840      	226.138712  	1.805457    	21.98     	2555.732116
0.00100000     	99        	15840       	253440      	217.728331  	1.732288    	27.84     	2472.257000
0.00099973     	109       	17440       	279040      	209.847721  	1.633320    	29.61     	2441.123821
0.00099890     	119       	19040       	304640      	201.077138  	1.565709    	32.37     	2580.286360
0.00099753     	129       	20640       	330240      	192.332348  	1.577419    	33.91     	2483.927214
0.00099562     	139       	22240       	355840      	179.759808  	1.561160    	36.94     	2646.249232
0.00099316     	149       	23840       	381440      	168.942327  	1.506491    	37.12     	2524.998572
0.00099017     	159       	25440       	407040      	160.764587  	1.493191    	39.12     	2284.050728
0.00098663     	169       	27040       	432640      	151.428479  	1.535778    	37.30     	2472.451953
0.00098257     	179       	28640       	458240      	141.130829  	1.483818    	39.91     	2265.425396
0.00097798     	189       	30240       	483840      	131.871797  	1.534228    	38.34     	2682.513448
0.00097286     	199       	31840       	509440      	123.599345  	1.505697    	39.94     	2686.435465
0.00096723     	209       	33440       	535040      	115.629354  	1.478418    	41.38     	2308.755258
0.00096110     	219       	35040       	560640      	107.991524  	1.462492    	42.28     	2549.921191
0.00095446     	229       	36640       	586240      	101.041902  	1.484434    	41.11     	2452.766149
0.00094733     	239       	38240       	611840      	92.596490   	1.463810    	43.97     	2329.822000
0.00093971     	249       	39840       	637440      	87.262387   	1.392502    	45.94     	2317.463560
0.00093162     	259       	41440       	663040      	80.363987   	1.482286    	44.34     	2277.798992
0.00092307     	269       	43040       	688640      	74.821159   	1.444720    	45.56     	2553.141712
0.00091406     	279       	44640       	714240      	70.733203   	1.445484    	44.17     	2691.385151
0.00090460     	289       	46240       	739840      	65.935740   	1.473258    	44.73     	2605.555126
0.00089472     	299       	47840       	765440      	62.382077   	1.509967    	45.35     	2905.441027
0.00088442     	309       	49440       	791040      	59.050595   	1.420487    	47.60     	2749.432795
0.00087370     	319       	51040       	816640      	54.787556   	1.480726    	46.61     	2333.981267
0.00086260     	329       	52640       	842240      	51.160365   	1.466301    	47.02     	2331.888212
0.00085111     	339       	54240       	867840      	48.124800   	1.572411    	45.00     	2368.724926
0.00083925     	349       	55840       	893440      	45.860894   	1.540242    	46.14     	2462.784481
0.00082705     	359       	57440       	919040      	43.901105   	1.558416    	46.56     	2354.148974
0.00081450     	369       	59040       	944640      	40.963894   	1.587341    	44.42     	2442.298772
0.00080164     	379       	60640       	970240      	38.259223   	1.522681    	46.95     	2645.203447
0.00078846     	389       	62240       	995840      	37.096747   	1.654180    	44.84     	2888.943999
0.00077500     	399       	63840       	1021440     	34.632888   	1.632499    	44.95     	2760.023280
0.00076126     	409       	65440       	1047040     	32.664720   	1.559169    	47.09     	3000.936682
0.00074727     	419       	67040       	1072640     	31.221114   	1.571387    	47.14     	2730.682968
0.00073303     	429       	68640       	1098240     	29.373550   	1.630177    	46.93     	2634.629613
0.00071857     	439       	70240       	1123840     	27.386267   	1.681549    	46.35     	2574.178260
0.00070391     	449       	71840       	1149440     	27.025162   	1.627209    	46.56     	2419.084134
0.00068906     	459       	73440       	1175040     	25.792440   	1.648943    	46.74     	2494.513233
0.00067404     	469       	75040       	1200640     	24.096185   	1.692125    	45.40     	2262.596576
0.00065886     	479       	76640       	1226240     	23.015235   	1.695533    	46.66     	2578.843231
0.00064356     	489       	78240       	1251840     	22.127928   	1.730336    	47.49     	2683.820525
0.00062814     	499       	79840       	1277440     	21.142830   	1.636160    	48.09     	2445.665202
0.00061263     	509       	81440       	1303040     	19.653968   	1.717670    	47.14     	2657.080602
0.00059704     	519       	83040       	1328640     	18.918003   	1.673951    	47.20     	2512.496058
0.00058139     	529       	84640       	1354240     	18.067192   	1.703921    	48.47     	2750.879097
0.00056570     	539       	86240       	1379840     	17.395489   	1.747592    	47.20     	3066.960534
0.00055000     	549       	87840       	1405440     	16.071053   	1.723320    	47.55     	2901.852945
0.00053430     	559       	89440       	1431040     	15.786957   	1.710714    	47.90     	2636.843787
0.00051861     	569       	91040       	1456640     	15.030346   	1.724624    	47.38     	3014.078602
0.00050296     	579       	92640       	1482240     	14.215583   	1.725622    	48.17     	2974.898605
0.00048737     	589       	94240       	1507840     	14.081823   	1.656107    	48.98     	2484.063986
0.00047186     	599       	95840       	1533440     	13.207979   	1.742059    	49.40     	2978.890680
0.00045644     	609       	97440       	1559040     	12.811361   	1.669058    	48.19     	2873.953313
0.00044114     	619       	99040       	1584640     	11.994304   	1.753425    	47.59     	2445.243749
0.00042596     	629       	100640      	1610240     	11.661032   	1.726050    	48.25     	2846.141050
0.00041094     	639       	102240      	1635840     	11.443861   	1.769891    	48.34     	2638.468598
0.00039609     	649       	103840      	1661440     	10.938334   	1.766064    	48.55     	2472.594908
0.00038143     	659       	105440      	1687040     	10.132633   	1.739582    	48.91     	2950.296803
0.00036697     	669       	107040      	1712640     	9.800972    	1.799466    	48.05     	2508.851539
0.00035273     	679       	108640      	1738240     	9.678215    	1.794372    	48.60     	2449.609632
0.00033874     	689       	110240      	1763840     	9.470510    	1.804225    	48.37     	2964.332455
0.00032500     	699       	111840      	1789440     	8.833813    	1.827538    	48.47     	2332.364385
0.00031154     	709       	113440      	1815040     	8.491472    	1.813346    	48.33     	2532.203912
0.00029836     	719       	115040      	1840640     	8.281591    	1.793572    	47.67     	2903.090898
0.00028550     	729       	116640      	1866240     	8.087417    	1.784516    	48.66     	2274.135387
0.00027295     	739       	118240      	1891840     	7.600119    	1.849609    	48.48     	2817.006236
0.00026075     	749       	119840      	1917440     	7.458804    	1.819476    	49.66     	2341.930844
0.00024889     	759       	121440      	1943040     	7.398714    	1.860686    	48.38     	2436.271177
0.00023740     	769       	123040      	1968640     	7.088952    	1.826425    	49.60     	3037.861138
0.00022630     	779       	124640      	1994240     	6.996261    	1.865681    	48.84     	2185.500963
0.00021558     	789       	126240      	2019840     	6.613874    	1.767704    	50.33     	2863.355089
0.00020528     	799       	127840      	2045440     	6.532971    	1.793622    	48.09     	2338.537823
0.00019540     	809       	129440      	2071040     	6.484329    	1.820708    	49.01     	2488.599154
0.00018594     	819       	131040      	2096640     	6.241892    	1.788261    	49.03     	3315.932328
0.00017693     	829       	132640      	2122240     	5.930560    	1.839709    	48.55     	2283.984652
0.00016838     	839       	134240      	2147840     	5.971022    	1.793179    	49.28     	2774.205385
0.00016029     	849       	135840      	2173440     	5.884401    	1.795385    	48.14     	2944.225556
0.00015267     	859       	137440      	2199040     	5.823713    	1.799478    	49.03     	2490.998747
0.00014554     	869       	139040      	2224640     	5.655595    	1.822519    	49.40     	3170.649835
0.00013890     	879       	140640      	2250240     	5.648060    	1.821107    	48.81     	3020.967606
0.00013277     	889       	142240      	2275840     	5.399766    	1.798193    	50.05     	3611.429236
0.00012714     	899       	143840      	2301440     	5.354111    	1.857145    	49.09     	2754.853911
0.00012202     	909       	145440      	2327040     	5.479346    	1.830612    	49.30     	2785.005233
0.00011743     	919       	147040      	2352640     	5.263577    	1.860098    	48.70     	2644.897838
0.00011337     	929       	148640      	2378240     	5.018778    	1.844321    	48.80     	2520.909194
0.00010983     	939       	150240      	2403840     	4.965964    	1.846832    	49.02     	2400.671832
0.00010684     	949       	151840      	2429440     	4.811786    	1.854227    	49.31     	2255.739145
0.00010438     	959       	153440      	2455040     	4.863233    	1.848929    	49.41     	2165.919185
0.00010247     	969       	155040      	2480640     	4.915197    	1.838335    	49.58     	2174.438861
0.00010110     	979       	156640      	2506240     	4.958279    	1.834424    	49.48     	2181.633381
0.00010027     	989       	158240      	2531840     	4.638510    	1.821616    	48.02     	3582.127676
0.00010000     	999       	159840      	2557440     	4.557015    	1.898707    	48.30     	2954.157147
