Learning Rate	Epoch	BatchNum	DataNum	TrainLoss	TestLoss	TestAcc	Time
0.01000000     	9         	1440        	23040       	257.997787  	1.609438    	21.25     	1752.766929
0.02000000     	19        	3040        	48640       	262.583012  	1.609403    	21.33     	1768.532322
0.03000000     	29        	4640        	74240       	260.246956  	1.609438    	22.27     	1740.833270
0.04000000     	39        	6240        	99840       	257.510007  	1.609438    	21.80     	1756.255170
0.05000000     	49        	7840        	125440      	257.509968  	1.609438    	20.23     	1726.860332
0.06000000     	59        	9440        	151040      	300.732469  	1.609438    	19.69     	1729.274734
0.07000000     	69        	11040       	176640      	257.510637  	1.609447    	20.78     	1722.820879
0.08000000     	79        	12640       	202240      	280.812399  	1.609409    	21.56     	1729.260313
0.09000000     	89        	14240       	227840      	nan         	nan         	20.78     	1720.601417
