Learning Rate	Epoch	BatchNum	DataNum	TrainLoss	TestLoss	TestAcc	Time
0.00010000     	9         	720         	23040       	126.416699  	1.718091    	18.27     	2162.227263
0.00020000     	19        	1520        	48640       	122.675165  	1.710482    	18.95     	1753.819650
0.00030000     	29        	2320        	74240       	121.127680  	1.729990    	20.53     	1806.861480
0.00040000     	39        	3120        	99840       	119.479975  	1.788174    	18.47     	1687.571596
0.00050000     	49        	3920        	125440      	118.454241  	1.772807    	19.45     	1756.432716
0.00060000     	59        	4720        	151040      	117.218330  	1.818564    	19.91     	1827.994871
0.00070000     	69        	5520        	176640      	116.093739  	1.844507    	18.62     	1403.999977
0.00080000     	79        	6320        	202240      	114.581581  	1.858342    	18.57     	1019.301348
0.00090000     	89        	7120        	227840      	113.328811  	1.925318    	17.95     	1515.471494
0.00100000     	99        	7920        	253440      	111.762056  	1.945531    	18.77     	1633.616979
0.00099973     	109       	8720        	279040      	110.396050  	1.999991    	19.20     	1208.720294
0.00099890     	119       	9520        	304640      	108.954905  	1.938031    	20.68     	1642.522019
0.00099753     	129       	10320       	330240      	106.809425  	2.029681    	19.00     	1709.271820
0.00099562     	139       	11120       	355840      	104.846226  	2.043396    	20.51     	1148.155336
0.00099316     	149       	11920       	381440      	103.462872  	2.094291    	19.88     	730.363722
0.00099017     	159       	12720       	407040      	101.291298  	2.112672    	20.16     	727.195409
0.00098663     	169       	13520       	432640      	99.996879   	2.063600    	21.15     	703.601574
0.00098257     	179       	14320       	458240      	98.701171   	2.115871    	19.92     	699.131904
0.00097798     	189       	15120       	483840      	98.387313   	2.093868    	20.66     	735.118017
0.00097286     	199       	15920       	509440      	96.883634   	2.201708    	20.11     	1981.291231
0.00096723     	209       	16720       	535040      	95.897897   	2.180864    	21.22     	1303.861380
0.00096110     	219       	17520       	560640      	95.124165   	2.190698    	21.20     	659.770539
0.00095446     	229       	18320       	586240      	94.164608   	2.193418    	19.95     	649.484496
0.00094733     	239       	19120       	611840      	92.388868   	2.242247    	20.33     	714.670275
0.00093971     	249       	19920       	637440      	91.766682   	2.143717    	21.27     	727.396536
0.00093162     	259       	20720       	663040      	90.944855   	2.215094    	21.66     	1940.409074
0.00092307     	269       	21520       	688640      	90.009172   	2.220303    	21.77     	1265.290483
0.00091406     	279       	22320       	714240      	89.597117   	2.218908    	21.95     	723.773932
0.00090460     	289       	23120       	739840      	88.974143   	2.233184    	21.05     	712.174536
0.00089472     	299       	23920       	765440      	88.058772   	2.266051    	21.70     	716.881749
0.00088442     	309       	24720       	791040      	87.572398   	2.265499    	21.09     	706.265477
0.00087370     	319       	25520       	816640      	86.315808   	2.232690    	20.57     	1363.903650
0.00086260     	329       	26320       	842240      	86.176694   	2.230329    	21.45     	1474.443585
0.00085111     	339       	27120       	867840      	85.107520   	2.332764    	21.94     	707.467009
0.00083925     	349       	27920       	893440      	84.806293   	2.306382    	20.00     	713.225833
0.00082705     	359       	28720       	919040      	84.341339   	2.218743    	21.99     	1513.829917
0.00081450     	369       	29520       	944640      	82.779429   	2.316896    	20.84     	1401.106387
0.00080164     	379       	30320       	970240      	82.660434   	2.283321    	21.08     	709.454377
0.00078846     	389       	31120       	995840      	82.030793   	2.349204    	21.52     	722.366778
0.00077500     	399       	31920       	1021440     	81.533755   	2.327122    	20.87     	731.012966
0.00076126     	409       	32720       	1047040     	81.255486   	2.308177    	21.48     	713.914586
0.00074727     	419       	33520       	1072640     	79.756356   	2.313825    	21.79     	1669.252721
0.00073303     	429       	34320       	1098240     	79.368465   	2.393849    	22.91     	1624.390238
0.00071857     	439       	35120       	1123840     	79.920988   	2.313180    	22.03     	658.575108
0.00070391     	449       	35920       	1149440     	79.175915   	2.295147    	22.37     	711.472715
0.00068906     	459       	36720       	1175040     	77.937855   	2.317266    	22.05     	814.760891
0.00067404     	469       	37520       	1200640     	77.527587   	2.380717    	21.88     	598.231766
0.00065886     	479       	38320       	1226240     	77.520698   	2.346346    	22.29     	709.778550
0.00064356     	489       	39120       	1251840     	77.388535   	2.392884    	21.40     	705.020886
0.00062814     	499       	39920       	1277440     	76.770682   	2.238225    	21.04     	725.981599
0.00061263     	509       	40720       	1303040     	75.924782   	2.366926    	21.62     	697.162633
0.00059704     	519       	41520       	1328640     	75.856520   	2.314006    	22.06     	802.391948
0.00058139     	529       	42320       	1354240     	74.571094   	2.362782    	22.39     	674.735141
0.00056570     	539       	43120       	1379840     	74.241793   	2.414581    	22.31     	720.444877
0.00055000     	549       	43920       	1405440     	75.063767   	2.350800    	21.39     	721.900531
0.00053430     	559       	44720       	1431040     	73.865390   	2.293814    	23.23     	713.223293
0.00051861     	569       	45520       	1456640     	73.957657   	2.354179    	23.22     	722.819996
0.00050296     	579       	46320       	1482240     	73.007672   	2.306169    	23.56     	721.251620
0.00048737     	589       	47120       	1507840     	72.898317   	2.397316    	22.20     	722.164584
0.00047186     	599       	47920       	1533440     	72.229289   	2.380484    	21.96     	711.207898
0.00045644     	609       	48720       	1559040     	71.585787   	2.263783    	22.49     	731.136137
0.00044114     	619       	49520       	1584640     	71.649648   	2.387598    	22.09     	704.358230
0.00042596     	629       	50320       	1610240     	71.084382   	2.373837    	22.47     	723.673098
0.00041094     	639       	51120       	1635840     	71.320031   	2.381034    	22.31     	711.553421
0.00039609     	649       	51920       	1661440     	70.037038   	2.319550    	22.55     	745.188223
0.00038143     	659       	52720       	1687040     	70.195048   	2.335000    	23.56     	961.954018
0.00036697     	669       	53520       	1712640     	70.372877   	2.377798    	22.41     	705.930357
0.00035273     	679       	54320       	1738240     	68.929297   	2.367052    	21.93     	728.259426
0.00033874     	689       	55120       	1763840     	68.990697   	2.332819    	22.93     	931.012861
0.00032500     	699       	55920       	1789440     	69.070087   	2.367335    	23.19     	659.871053
0.00031154     	709       	56720       	1815040     	68.775236   	2.396305    	22.86     	707.170061
0.00029836     	719       	57520       	1840640     	68.315024   	2.379405    	22.60     	716.036760
0.00028550     	729       	58320       	1866240     	67.974367   	2.388007    	22.87     	727.289125
0.00027295     	739       	59120       	1891840     	67.240482   	2.342387    	23.12     	723.171012
0.00026075     	749       	59920       	1917440     	67.293285   	2.372201    	23.38     	709.891205
0.00024889     	759       	60720       	1943040     	67.681733   	2.360364    	23.64     	717.895131
0.00023740     	769       	61520       	1968640     	66.796608   	2.409224    	24.46     	723.830524
0.00022630     	779       	62320       	1994240     	66.545857   	2.356023    	23.61     	732.567101
0.00021558     	789       	63120       	2019840     	66.795901   	2.386690    	23.38     	665.844391
0.00020528     	799       	63920       	2045440     	66.509065   	2.318913    	24.01     	715.864325
0.00019540     	809       	64720       	2071040     	65.624288   	2.418882    	22.66     	717.511026
0.00018594     	819       	65520       	2096640     	66.261167   	2.319978    	23.62     	725.682752
0.00017693     	829       	66320       	2122240     	66.253911   	2.403253    	23.31     	724.971592
0.00016838     	839       	67120       	2147840     	65.612989   	2.457973    	22.48     	1216.236209
0.00016029     	849       	67920       	2173440     	65.425390   	2.426579    	23.64     	1138.402749
0.00015267     	859       	68720       	2199040     	64.818110   	2.496464    	22.89     	437.583087
0.00014554     	869       	69520       	2224640     	64.998376   	2.393828    	22.05     	730.691847
0.00013890     	879       	70320       	2250240     	65.000959   	2.434530    	23.07     	715.072303
0.00013277     	889       	71120       	2275840     	65.270657   	2.395520    	22.97     	712.110787
0.00012714     	899       	71920       	2301440     	64.817701   	2.447726    	23.54     	706.734741
0.00012202     	909       	72720       	2327040     	64.637632   	2.450628    	22.38     	728.896109
0.00011743     	919       	73520       	2352640     	64.841200   	2.369767    	23.00     	723.595469
0.00011337     	929       	74320       	2378240     	64.183455   	2.458397    	22.93     	713.990817
0.00010983     	939       	75120       	2403840     	64.656866   	2.414971    	23.33     	697.142851
0.00010684     	949       	75920       	2429440     	64.156513   	2.451119    	23.73     	707.978142
0.00010438     	959       	76720       	2455040     	64.103549   	2.446808    	23.48     	741.552001
0.00010247     	969       	77520       	2480640     	64.053544   	2.423423    	22.73     	708.194094
0.00010110     	979       	78320       	2506240     	64.081187   	2.425217    	22.62     	706.826441
0.00010027     	989       	79120       	2531840     	63.697204   	2.475601    	22.09     	675.256064
0.00010000     	999       	79920       	2557440     	63.958957   	2.466772    	22.27     	726.546303
