Learning Rate	Epoch	BatchNum	DataNum	TrainLoss	TestLoss	TestAcc	Time
0.00010000     	9         	1440        	23040       	253.950654  	1.687866    	20.83     	686.511858
0.00020000     	19        	3040        	48640       	249.342804  	1.773220    	20.32     	700.727644
0.00030000     	29        	4640        	74240       	245.788566  	1.830392    	18.09     	708.515458
0.00040000     	39        	6240        	99840       	243.080342  	1.785409    	19.39     	701.969928
0.00050000     	49        	7840        	125440      	240.575486  	1.825704    	17.50     	702.102169
0.00060000     	59        	9440        	151040      	237.168253  	1.818524    	18.53     	706.027846
0.00070000     	69        	11040       	176640      	230.915003  	1.788797    	21.97     	708.557184
0.00080000     	79        	12640       	202240      	224.573862  	1.867720    	22.38     	718.096443
0.00090000     	89        	14240       	227840      	216.716218  	1.792674    	23.08     	703.303704
0.00100000     	99        	15840       	253440      	212.362224  	1.760230    	24.52     	705.555590
0.00099973     	109       	17440       	279040      	215.565367  	1.793996    	19.84     	713.410221
0.00099890     	119       	19040       	304640      	224.920279  	1.836080    	21.85     	710.681689
0.00099753     	129       	20640       	330240      	225.028288  	1.864959    	19.43     	1214.722651
0.00099562     	139       	22240       	355840      	225.075254  	1.820278    	20.03     	1237.323774
0.00099316     	149       	23840       	381440      	226.395838  	1.975028    	17.51     	1165.029568
0.00099017     	159       	25440       	407040      	226.098885  	1.893766    	18.74     	1019.788134
0.00098663     	169       	27040       	432640      	227.274370  	1.828954    	20.84     	710.881056
0.00098257     	179       	28640       	458240      	226.126127  	1.875717    	18.52     	703.534140
0.00097798     	189       	30240       	483840      	226.709783  	1.866337    	19.34     	709.227052
0.00097286     	199       	31840       	509440      	226.103353  	1.869127    	18.95     	709.726342
0.00096723     	209       	33440       	535040      	224.947723  	1.887895    	19.26     	709.245644
0.00096110     	219       	35040       	560640      	226.165855  	1.811416    	19.74     	714.027527
0.00095446     	229       	36640       	586240      	226.627175  	1.846997    	18.52     	708.855555
0.00094733     	239       	38240       	611840      	224.582717  	1.829012    	20.27     	708.851717
0.00093971     	249       	39840       	637440      	225.553951  	1.833278    	19.52     	707.326840
0.00093162     	259       	41440       	663040      	224.953918  	1.985237    	16.41     	709.838358
0.00092307     	269       	43040       	688640      	225.738724  	1.898895    	19.52     	704.874988
0.00091406     	279       	44640       	714240      	224.540471  	1.917230    	20.04     	708.584089
0.00090460     	289       	46240       	739840      	224.823193  	1.901803    	19.32     	708.410300
0.00089472     	299       	47840       	765440      	224.582889  	1.989559    	20.13     	708.633851
0.00088442     	309       	49440       	791040      	223.716715  	1.872279    	20.43     	710.177648
0.00087370     	319       	51040       	816640      	224.097073  	1.997882    	20.63     	707.417692
0.00086260     	329       	52640       	842240      	223.044094  	1.835310    	19.56     	706.135648
0.00085111     	339       	54240       	867840      	222.661779  	1.876320    	19.46     	704.688008
0.00083925     	349       	55840       	893440      	222.163285  	1.913913    	19.62     	705.936950
0.00082705     	359       	57440       	919040      	222.538525  	1.994442    	20.43     	712.085200
0.00081450     	369       	59040       	944640      	221.906122  	1.933600    	18.26     	713.152773
0.00080164     	379       	60640       	970240      	221.357184  	1.919056    	19.34     	712.132354
0.00078846     	389       	62240       	995840      	220.998856  	1.887979    	19.20     	710.404996
0.00077500     	399       	63840       	1021440     	221.091597  	1.941967    	18.56     	709.917783
0.00076126     	409       	65440       	1047040     	221.560014  	1.965151    	19.76     	704.910068
0.00074727     	419       	67040       	1072640     	220.823889  	1.942480    	19.32     	706.596581
0.00073303     	429       	68640       	1098240     	220.802521  	1.955850    	19.44     	706.524310
0.00071857     	439       	70240       	1123840     	221.410330  	1.884015    	19.30     	702.838480
0.00070391     	449       	71840       	1149440     	220.810480  	1.939901    	18.84     	705.936023
0.00068906     	459       	73440       	1175040     	220.559240  	1.895115    	18.95     	717.740734
0.00067404     	469       	75040       	1200640     	220.288953  	1.959202    	18.96     	742.039712
0.00065886     	479       	76640       	1226240     	219.333927  	1.939195    	18.09     	708.982567
0.00064356     	489       	78240       	1251840     	218.636556  	1.973806    	18.88     	702.838265
0.00062814     	499       	79840       	1277440     	218.736649  	2.086450    	19.34     	703.084544
0.00061263     	509       	81440       	1303040     	218.879372  	1.986838    	17.64     	701.824643
0.00059704     	519       	83040       	1328640     	218.219872  	1.991296    	19.08     	700.033032
0.00058139     	529       	84640       	1354240     	217.853186  	2.009053    	17.91     	697.762197
0.00056570     	539       	86240       	1379840     	218.453133  	1.998394    	18.23     	697.484299
0.00055000     	549       	87840       	1405440     	218.359193  	1.951453    	19.51     	696.476303
0.00053430     	559       	89440       	1431040     	217.949754  	1.894316    	20.36     	696.362072
0.00051861     	569       	91040       	1456640     	217.272747  	1.965875    	19.03     	697.166417
0.00050296     	579       	92640       	1482240     	217.113775  	1.996461    	18.58     	694.836945
0.00048737     	589       	94240       	1507840     	215.882969  	2.074648    	19.29     	696.851033
0.00047186     	599       	95840       	1533440     	215.288660  	2.029978    	20.42     	689.432900
0.00045644     	609       	97440       	1559040     	214.079304  	2.051363    	19.60     	696.178368
0.00044114     	619       	99040       	1584640     	214.345765  	1.975592    	18.97     	695.974125
0.00042596     	629       	100640      	1610240     	214.626429  	2.030814    	19.73     	697.109341
0.00041094     	639       	102240      	1635840     	214.506914  	2.040839    	19.17     	699.034273
0.00039609     	649       	103840      	1661440     	213.912057  	1.998654    	18.66     	698.132908
0.00038143     	659       	105440      	1687040     	213.489705  	1.952054    	19.90     	700.615755
0.00036697     	669       	107040      	1712640     	213.564346  	2.018405    	19.23     	699.939689
0.00035273     	679       	108640      	1738240     	212.838240  	2.024867    	18.93     	709.066109
0.00033874     	689       	110240      	1763840     	213.342591  	2.000572    	19.77     	695.035090
0.00032500     	699       	111840      	1789440     	211.565303  	2.010839    	19.40     	698.099044
0.00031154     	709       	113440      	1815040     	210.782940  	2.013777    	20.73     	687.521533
0.00029836     	719       	115040      	1840640     	210.778689  	2.035923    	18.67     	702.781479
0.00028550     	729       	116640      	1866240     	209.920150  	2.021572    	18.88     	705.055330
0.00027295     	739       	118240      	1891840     	209.142325  	2.054307    	20.26     	697.009791
0.00026075     	749       	119840      	1917440     	209.162358  	2.030925    	19.98     	1359.520061
0.00024889     	759       	121440      	1943040     	208.581970  	2.051136    	20.82     	1846.355833
0.00023740     	769       	123040      	1968640     	208.353238  	2.055181    	19.91     	1842.297416
0.00022630     	779       	124640      	1994240     	207.654058  	2.030672    	19.78     	1832.862405
0.00021558     	789       	126240      	2019840     	206.738241  	2.203644    	20.57     	1838.425544
0.00020528     	799       	127840      	2045440     	206.704873  	2.046073    	20.61     	1825.795419
0.00019540     	809       	129440      	2071040     	204.898779  	2.060090    	20.97     	1831.875613
0.00018594     	819       	131040      	2096640     	205.976539  	2.126447    	20.82     	1834.451608
0.00017693     	829       	132640      	2122240     	204.488355  	2.065793    	20.35     	1829.324204
0.00016838     	839       	134240      	2147840     	203.527199  	2.094893    	20.29     	1839.764579
0.00016029     	849       	135840      	2173440     	202.225518  	2.090546    	20.84     	1830.578812
0.00015267     	859       	137440      	2199040     	201.965156  	1.999483    	21.28     	1840.202957
0.00014554     	869       	139040      	2224640     	201.217742  	2.106872    	20.55     	1812.842536
0.00013890     	879       	140640      	2250240     	201.681375  	2.090351    	21.34     	1836.889646
0.00013277     	889       	142240      	2275840     	199.778694  	2.098878    	19.75     	1841.604330
0.00012714     	899       	143840      	2301440     	200.729332  	2.106555    	21.36     	1832.529070
0.00012202     	909       	145440      	2327040     	201.459471  	2.154936    	20.31     	1841.462261
0.00011743     	919       	147040      	2352640     	200.499319  	2.057595    	21.05     	1819.023380
0.00011337     	929       	148640      	2378240     	200.039246  	2.125563    	21.66     	1838.472505
0.00010983     	939       	150240      	2403840     	199.101718  	2.067447    	21.54     	1843.479573
0.00010684     	949       	151840      	2429440     	198.770587  	2.014763    	21.49     	1828.856282
0.00010438     	959       	153440      	2455040     	198.173863  	2.096277    	20.34     	1841.052428
0.00010247     	969       	155040      	2480640     	198.643447  	2.118081    	21.60     	1820.146349
0.00010110     	979       	156640      	2506240     	199.077109  	2.037020    	20.74     	1818.788699
0.00010027     	989       	158240      	2531840     	198.189412  	2.081600    	21.52     	1761.182384
0.00010000     	999       	159840      	2557440     	196.239853  	2.097080    	22.42     	1492.115541
