Learning Rate	Epoch	BatchNum	DataNum	TrainLoss	TestLoss	TestAcc	Time
0.00010000     	9         	720         	23040       	127.112535  	1.680531    	20.51     	654.937205
0.00020000     	19        	1520        	48640       	124.802235  	1.719820    	18.96     	990.002973
0.00030000     	29        	2320        	74240       	123.426629  	1.719022    	20.02     	1005.526633
0.00040000     	39        	3120        	99840       	121.786348  	1.772366    	19.28     	1004.149182
0.00050000     	49        	3920        	125440      	120.385614  	1.807708    	19.23     	997.185072
0.00060000     	59        	4720        	151040      	118.628480  	1.832740    	19.26     	1013.012343
0.00070000     	69        	5520        	176640      	115.549524  	1.790375    	20.59     	1007.620389
0.00080000     	79        	6320        	202240      	114.140269  	1.824212    	21.52     	1001.290535
0.00090000     	89        	7120        	227840      	113.708804  	1.827750    	20.12     	986.515888
0.00100000     	99        	7920        	253440      	111.878624  	1.825582    	21.17     	994.028881
0.00099973     	109       	8720        	279040      	111.270473  	1.813576    	19.72     	997.261044
0.00099890     	119       	9520        	304640      	111.658359  	1.925371    	20.55     	982.477661
0.00099753     	129       	10320       	330240      	112.047029  	1.831359    	20.47     	1000.858296
0.00099562     	139       	11120       	355840      	112.610137  	1.940043    	19.18     	1011.620134
0.00099316     	149       	11920       	381440      	112.354654  	1.895852    	20.31     	1013.763958
0.00099017     	159       	12720       	407040      	112.288739  	1.929262    	18.98     	999.334905
0.00098663     	169       	13520       	432640      	112.420044  	1.910693    	20.05     	986.660860
0.00098257     	179       	14320       	458240      	112.022281  	2.023732    	19.93     	994.770580
0.00097798     	189       	15120       	483840      	112.266028  	1.971823    	18.73     	978.029128
0.00097286     	199       	15920       	509440      	112.142548  	1.880089    	18.64     	988.916943
0.00096723     	209       	16720       	535040      	112.283119  	1.875354    	18.03     	1003.910586
0.00096110     	219       	17520       	560640      	111.904957  	1.995648    	19.59     	1003.037661
0.00095446     	229       	18320       	586240      	112.274320  	1.916879    	18.12     	1014.582669
0.00094733     	239       	19120       	611840      	112.525983  	1.875070    	17.12     	1005.143503
0.00093971     	249       	19920       	637440      	112.479762  	1.898321    	19.39     	1007.962640
0.00093162     	259       	20720       	663040      	111.912176  	1.969417    	18.60     	1004.427722
0.00092307     	269       	21520       	688640      	112.405305  	1.879238    	19.01     	1004.585065
0.00091406     	279       	22320       	714240      	112.331837  	1.912625    	17.11     	994.915271
0.00090460     	289       	23120       	739840      	111.800740  	1.872088    	19.68     	1007.577940
0.00089472     	299       	23920       	765440      	111.028225  	1.919369    	18.64     	1016.010686
0.00088442     	309       	24720       	791040      	110.752789  	1.972585    	19.33     	1014.919107
0.00087370     	319       	25520       	816640      	110.784437  	1.945141    	18.48     	988.186790
0.00086260     	329       	26320       	842240      	112.347894  	1.946460    	19.47     	993.785880
0.00085111     	339       	27120       	867840      	111.358148  	1.930425    	17.83     	1006.877656
0.00083925     	349       	27920       	893440      	111.063659  	1.952966    	17.88     	1004.483668
0.00082705     	359       	28720       	919040      	111.765309  	1.892798    	18.74     	1007.917743
0.00081450     	369       	29520       	944640      	110.598068  	1.945085    	18.16     	1009.873051
0.00080164     	379       	30320       	970240      	111.067008  	2.008017    	18.84     	1021.689384
0.00078846     	389       	31120       	995840      	110.916980  	1.935073    	17.34     	1006.778608
0.00077500     	399       	31920       	1021440     	110.237418  	1.902956    	18.59     	994.678197
0.00076126     	409       	32720       	1047040     	109.966719  	1.961469    	19.09     	1001.359593
0.00074727     	419       	33520       	1072640     	110.274871  	1.925134    	18.76     	1009.735741
0.00073303     	429       	34320       	1098240     	109.748307  	1.983289    	18.75     	1006.117818
0.00071857     	439       	35120       	1123840     	110.019245  	1.936492    	19.87     	991.582263
0.00070391     	449       	35920       	1149440     	110.883701  	2.001801    	18.59     	998.449089
0.00068906     	459       	36720       	1175040     	110.486927  	2.029294    	17.87     	995.948373
0.00067404     	469       	37520       	1200640     	109.713296  	1.971542    	18.92     	982.515003
0.00065886     	479       	38320       	1226240     	109.313208  	2.085930    	18.09     	986.333481
0.00064356     	489       	39120       	1251840     	109.865450  	2.083913    	18.21     	1011.364135
0.00062814     	499       	39920       	1277440     	110.278272  	1.994405    	17.98     	979.895635
0.00061263     	509       	40720       	1303040     	110.545574  	1.955257    	20.00     	989.788697
0.00059704     	519       	41520       	1328640     	109.306798  	2.008480    	19.54     	985.176432
0.00058139     	529       	42320       	1354240     	109.312921  	2.115558    	18.09     	988.146762
0.00056570     	539       	43120       	1379840     	110.110716  	1.869433    	19.79     	977.156777
0.00055000     	549       	43920       	1405440     	109.764469  	2.008752    	18.45     	983.553596
0.00053430     	559       	44720       	1431040     	110.059170  	1.928720    	19.52     	976.370333
0.00051861     	569       	45520       	1456640     	108.869538  	1.949747    	18.02     	990.345013
0.00050296     	579       	46320       	1482240     	108.514544  	1.999205    	18.86     	983.100528
0.00048737     	589       	47120       	1507840     	108.373480  	2.020550    	18.70     	985.098137
0.00047186     	599       	47920       	1533440     	108.386089  	2.038354    	18.32     	979.557240
0.00045644     	609       	48720       	1559040     	108.473807  	1.922817    	20.83     	985.458894
0.00044114     	619       	49520       	1584640     	108.245880  	1.989234    	18.40     	973.464617
0.00042596     	629       	50320       	1610240     	107.912815  	1.985825    	18.57     	979.893353
0.00041094     	639       	51120       	1635840     	107.740926  	2.003281    	19.38     	980.000028
0.00039609     	649       	51920       	1661440     	107.636394  	2.014911    	18.15     	982.060982
0.00038143     	659       	52720       	1687040     	107.834471  	2.010265    	19.31     	985.415006
0.00036697     	669       	53520       	1712640     	107.308146  	2.025686    	19.09     	983.930337
0.00035273     	679       	54320       	1738240     	107.253262  	2.061849    	18.80     	997.499663
0.00033874     	689       	55120       	1763840     	107.005267  	2.006923    	19.23     	1016.771984
0.00032500     	699       	55920       	1789440     	106.532834  	1.974794    	18.12     	987.000255
0.00031154     	709       	56720       	1815040     	106.272537  	2.100677    	19.20     	984.785226
0.00029836     	719       	57520       	1840640     	106.860473  	2.055108    	18.90     	984.565852
0.00028550     	729       	58320       	1866240     	106.355060  	1.989273    	19.58     	980.581398
0.00027295     	739       	59120       	1891840     	106.569911  	2.034262    	19.68     	999.130070
0.00026075     	749       	59920       	1917440     	106.440004  	2.061998    	18.57     	985.878621
0.00024889     	759       	60720       	1943040     	106.173911  	2.051739    	20.18     	978.458921
0.00023740     	769       	61520       	1968640     	105.656345  	2.047201    	19.17     	984.701643
0.00022630     	779       	62320       	1994240     	105.255646  	1.985836    	19.17     	999.190586
0.00021558     	789       	63120       	2019840     	104.979444  	2.001997    	19.23     	1002.777496
0.00020528     	799       	63920       	2045440     	104.802005  	2.088292    	18.51     	997.186018
0.00019540     	809       	64720       	2071040     	104.573437  	2.048909    	18.86     	991.189998
0.00018594     	819       	65520       	2096640     	104.771917  	2.132368    	18.80     	981.115790
0.00017693     	829       	66320       	2122240     	104.556120  	2.003037    	19.26     	986.103235
0.00016838     	839       	67120       	2147840     	104.296476  	2.033713    	19.08     	995.224138
0.00016029     	849       	67920       	2173440     	104.913411  	2.088749    	18.62     	984.912490
0.00015267     	859       	68720       	2199040     	104.394085  	2.030688    	19.70     	987.958989
0.00014554     	869       	69520       	2224640     	104.169100  	2.043798    	18.88     	992.971385
0.00013890     	879       	70320       	2250240     	103.519267  	2.022077    	19.59     	778.152463
0.00013277     	889       	71120       	2275840     	103.560996  	2.043785    	18.66     	664.980184
0.00012714     	899       	71920       	2301440     	103.517111  	2.044365    	19.16     	660.168243
0.00012202     	909       	72720       	2327040     	103.608927  	2.105280    	18.95     	649.144495
0.00011743     	919       	73520       	2352640     	103.398522  	2.069349    	20.38     	650.112063
0.00011337     	929       	74320       	2378240     	103.160207  	2.067844    	19.12     	638.842769
0.00010983     	939       	75120       	2403840     	103.310657  	2.119891    	19.28     	649.375046
0.00010684     	949       	75920       	2429440     	103.130912  	2.134576    	19.68     	648.542316
0.00010438     	959       	76720       	2455040     	103.127590  	2.133767    	19.66     	642.749257
0.00010247     	969       	77520       	2480640     	103.066801  	2.202505    	19.44     	650.405109
0.00010110     	979       	78320       	2506240     	103.277088  	2.098006    	19.19     	646.820090
0.00010027     	989       	79120       	2531840     	103.221759  	2.049206    	19.53     	651.419607
0.00010000     	999       	79920       	2557440     	102.734791  	2.049211    	19.52     	663.442374
