Learning Rate	Epoch	BatchNum	DataNum	TrainLoss	TestLoss	TestAcc	Time
0.00010000     	9         	2880        	23040       	504.190686  	1.703665    	18.83     	1858.966829
0.00020000     	19        	6080        	48640       	491.025741  	1.708865    	19.87     	1850.486010
0.00030000     	29        	9280        	74240       	485.405474  	1.729239    	19.23     	1847.859090
0.00040000     	39        	12480       	99840       	480.928860  	1.776465    	17.95     	1826.366585
0.00050000     	49        	15680       	125440      	480.508221  	1.778106    	18.97     	1836.489219
0.00060000     	59        	18880       	151040      	479.256386  	1.838164    	18.84     	1838.302991
0.00070000     	69        	22080       	176640      	469.599919  	1.801054    	19.30     	1827.040401
0.00080000     	79        	25280       	202240      	462.133478  	1.812379    	18.53     	1844.382869
0.00090000     	89        	28480       	227840      	460.248189  	1.766372    	21.21     	1833.450695
0.00100000     	99        	31680       	253440      	460.900343  	1.909642    	18.52     	1816.481215
0.00099973     	109       	34880       	279040      	457.745361  	1.832454    	19.65     	1838.674636
0.00099890     	119       	38080       	304640      	460.381267  	1.806769    	19.43     	1841.852230
0.00099753     	129       	41280       	330240      	460.568851  	1.847851    	17.88     	1831.863149
0.00099562     	139       	44480       	355840      	469.436588  	1.826021    	19.16     	1835.037659
0.00099316     	149       	47680       	381440      	468.662590  	1.847840    	18.82     	1843.504919
0.00099017     	159       	50880       	407040      	460.878345  	1.871044    	18.75     	1839.277267
0.00098663     	169       	54080       	432640      	463.556643  	1.811045    	19.50     	1861.966241
0.00098257     	179       	57280       	458240      	474.328973  	1.789690    	18.87     	1855.824338
0.00097798     	189       	60480       	483840      	473.668262  	1.766956    	18.84     	1847.344049
0.00097286     	199       	63680       	509440      	472.663312  	1.751969    	19.24     	1850.011428
0.00096723     	209       	66880       	535040      	470.881833  	1.777751    	20.02     	1834.087228
0.00096110     	219       	70080       	560640      	468.239127  	1.811019    	20.39     	1824.846533
0.00095446     	229       	73280       	586240      	462.443166  	1.845044    	17.69     	1835.408045
0.00094733     	239       	76480       	611840      	463.499169  	1.926303    	17.80     	1830.017935
0.00093971     	249       	79680       	637440      	471.031985  	1.782376    	18.80     	1840.187669
0.00093162     	259       	82880       	663040      	479.502550  	1.784325    	18.57     	1843.117147
0.00092307     	269       	86080       	688640      	476.300237  	1.791114    	19.21     	1836.831266
0.00091406     	279       	89280       	714240      	468.164975  	1.790736    	20.12     	1839.606573
0.00090460     	289       	92480       	739840      	464.752927  	1.864902    	19.71     	1838.208122
0.00089472     	299       	95680       	765440      	463.277201  	1.862033    	18.75     	1823.568566
0.00088442     	309       	98880       	791040      	462.820684  	1.887237    	19.27     	1834.029595
0.00087370     	319       	102080      	816640      	462.807104  	1.840685    	17.80     	1834.691851
0.00086260     	329       	105280      	842240      	462.774284  	1.839906    	19.52     	1846.552063
0.00085111     	339       	108480      	867840      	463.171459  	1.893727    	19.27     	1863.769888
0.00083925     	349       	111680      	893440      	461.343637  	1.886401    	19.70     	1854.190370
0.00082705     	359       	114880      	919040      	457.408256  	1.902156    	18.82     	1844.317244
0.00081450     	369       	118080      	944640      	458.591586  	1.873460    	18.52     	1866.709293
0.00080164     	379       	121280      	970240      	458.093720  	1.854398    	20.08     	1842.680099
0.00078846     	389       	124480      	995840      	458.899161  	1.874548    	19.09     	1840.200983
0.00077500     	399       	127680      	1021440     	460.684520  	1.846365    	19.55     	1853.008310
0.00076126     	409       	130880      	1047040     	458.998700  	1.820078    	19.41     	1835.469910
0.00074727     	419       	134080      	1072640     	456.878366  	1.907465    	20.16     	1843.370168
0.00073303     	429       	137280      	1098240     	453.966470  	1.900750    	18.76     	1844.025999
0.00071857     	439       	140480      	1123840     	453.781534  	1.943963    	18.89     	1830.837859
0.00070391     	449       	143680      	1149440     	453.946018  	1.948830    	18.87     	1842.366878
0.00068906     	459       	146880      	1175040     	455.336294  	1.857965    	19.55     	1840.776957
0.00067404     	469       	150080      	1200640     	453.801405  	1.925496    	19.48     	1834.840219
0.00065886     	479       	153280      	1226240     	454.311573  	1.837656    	20.27     	1836.128494
0.00064356     	489       	156480      	1251840     	455.072241  	1.906447    	18.75     	1847.650688
0.00062814     	499       	159680      	1277440     	452.610883  	1.948182    	19.43     	1829.389373
0.00061263     	509       	162880      	1303040     	452.179961  	1.873681    	18.81     	1853.682276
0.00059704     	519       	166080      	1328640     	450.848986  	1.901702    	20.61     	1851.747451
0.00058139     	529       	169280      	1354240     	452.784672  	1.909640    	19.09     	1853.449980
0.00056570     	539       	172480      	1379840     	452.628439  	1.872795    	20.05     	1873.548483
0.00055000     	549       	175680      	1405440     	449.373825  	1.947952    	20.36     	1858.785161
0.00053430     	559       	178880      	1431040     	448.886482  	1.927178    	19.12     	1847.463193
0.00051861     	569       	182080      	1456640     	447.480721  	1.911760    	20.06     	1849.148663
0.00050296     	579       	185280      	1482240     	448.063795  	1.889773    	21.02     	1826.585488
0.00048737     	589       	188480      	1507840     	446.774062  	1.989756    	19.31     	1836.259766
0.00047186     	599       	191680      	1533440     	446.261398  	1.916146    	21.29     	1846.107564
0.00045644     	609       	194880      	1559040     	447.932732  	1.980505    	18.96     	1809.784702
0.00044114     	619       	198080      	1584640     	444.387937  	1.928681    	19.61     	1540.512675
0.00042596     	629       	201280      	1610240     	446.380656  	1.987344    	20.59     	1541.400642
0.00041094     	639       	204480      	1635840     	445.629423  	1.951004    	20.16     	1524.748107
0.00039609     	649       	207680      	1661440     	449.098302  	1.941186    	18.97     	1536.557272
0.00038143     	659       	210880      	1687040     	445.590221  	1.951775    	19.67     	1532.318197
0.00036697     	669       	214080      	1712640     	444.815670  	1.935265    	19.38     	1543.562617
0.00035273     	679       	217280      	1738240     	443.341065  	1.904648    	19.47     	1534.536075
0.00033874     	689       	220480      	1763840     	443.848709  	1.912738    	20.14     	1538.591053
0.00032500     	699       	223680      	1789440     	443.564149  	1.953798    	19.53     	1519.781389
0.00031154     	709       	226880      	1815040     	443.910153  	1.966162    	19.43     	1525.325119
0.00029836     	719       	230080      	1840640     	440.853470  	1.944952    	18.95     	1535.787512
0.00028550     	729       	233280      	1866240     	440.084409  	1.990443    	19.68     	1529.163883
0.00027295     	739       	236480      	1891840     	439.110571  	1.981024    	19.46     	1531.288797
0.00026075     	749       	239680      	1917440     	437.394602  	2.021442    	19.69     	1546.227461
0.00024889     	759       	242880      	1943040     	437.045403  	2.026770    	20.75     	1551.018348
0.00023740     	769       	246080      	1968640     	435.846054  	2.014822    	19.34     	1543.850462
0.00022630     	779       	249280      	1994240     	435.524553  	2.020589    	19.36     	1535.177224
0.00021558     	789       	252480      	2019840     	434.814467  	2.057454    	19.10     	1532.425379
0.00020528     	799       	255680      	2045440     	434.154072  	2.004644    	19.28     	1529.158484
0.00019540     	809       	258880      	2071040     	433.470417  	1.995595    	19.62     	1529.420780
0.00018594     	819       	262080      	2096640     	432.819245  	1.970127    	21.33     	1537.425620
0.00017693     	829       	265280      	2122240     	430.780600  	2.001692    	19.48     	1551.576023
0.00016838     	839       	268480      	2147840     	431.525137  	2.003552    	19.75     	1532.147405
0.00016029     	849       	271680      	2173440     	432.845961  	1.981198    	20.23     	1532.036054
0.00015267     	859       	274880      	2199040     	431.169096  	1.982386    	19.48     	1558.480419
0.00014554     	869       	278080      	2224640     	430.454307  	2.028637    	19.10     	1535.354128
0.00013890     	879       	281280      	2250240     	431.135945  	2.043221    	20.37     	1535.287618
0.00013277     	889       	284480      	2275840     	428.395671  	2.032023    	19.27     	1529.905303
0.00012714     	899       	287680      	2301440     	427.716621  	2.030271    	19.95     	1531.703634
0.00012202     	909       	290880      	2327040     	427.446059  	2.044453    	18.54     	1525.298605
0.00011743     	919       	294080      	2352640     	428.003972  	2.044731    	18.07     	1530.177602
0.00011337     	929       	297280      	2378240     	427.091215  	2.064074    	18.59     	1537.153963
0.00010983     	939       	300480      	2403840     	428.052854  	2.026726    	19.79     	1537.867113
0.00010684     	949       	303680      	2429440     	427.221460  	2.011390    	19.29     	1543.698445
0.00010438     	959       	306880      	2455040     	426.562876  	2.051641    	19.11     	1542.340506
0.00010247     	969       	310080      	2480640     	426.109157  	2.076576    	19.02     	1553.226769
0.00010110     	979       	313280      	2506240     	427.002862  	2.096676    	18.78     	1559.722758
0.00010027     	989       	316480      	2531840     	425.493733  	2.020891    	18.84     	1537.599105
0.00010000     	999       	319680      	2557440     	425.557196  	2.039552    	19.13     	1580.266261
