Learning Rate	Epoch	BatchNum	DataNum	TrainLoss	TestLoss	TestAcc	Time
0.00010000     	9         	1440        	23040       	255.766276  	1.653336    	21.66     	2792.595118
0.00020000     	19        	3040        	48640       	249.007905  	1.695022    	20.82     	2878.057301
0.00030000     	29        	4640        	74240       	244.105460  	1.685004    	22.41     	2881.778739
0.00040000     	39        	6240        	99840       	237.996606  	1.667242    	24.57     	2871.902145
0.00050000     	49        	7840        	125440      	225.486366  	1.588015    	27.87     	2883.466067
0.00060000     	59        	9440        	151040      	182.710087  	1.345917    	40.52     	2885.385270
0.00070000     	69        	11040       	176640      	110.866052  	1.073892    	54.70     	2878.729359
0.00080000     	79        	12640       	202240      	68.921120   	0.700293    	69.43     	2870.355396
0.00090000     	89        	14240       	227840      	50.181384   	0.642310    	71.53     	2847.368814
0.00100000     	99        	15840       	253440      	41.283206   	0.545351    	75.46     	2875.919686
0.00099973     	109       	17440       	279040      	34.326456   	0.415832    	81.93     	2883.122232
0.00099890     	119       	19040       	304640      	27.858243   	0.407567    	81.84     	2870.778505
0.00099753     	129       	20640       	330240      	23.692925   	0.326518    	85.12     	2878.516127
0.00099562     	139       	22240       	355840      	21.710009   	0.310307    	85.71     	2883.466566
0.00099316     	149       	23840       	381440      	19.984482   	0.314782    	85.90     	2874.874073
0.00099017     	159       	25440       	407040      	17.808042   	0.294080    	86.58     	2636.557792
0.00098663     	169       	27040       	432640      	16.417997   	0.256990    	87.59     	2089.010616
0.00098257     	179       	28640       	458240      	15.669161   	0.272566    	87.58     	1790.848220
0.00097798     	189       	30240       	483840      	15.189279   	0.277348    	86.49     	1786.101140
0.00097286     	199       	31840       	509440      	14.158147   	0.259427    	87.96     	1787.806157
0.00096723     	209       	33440       	535040      	13.514124   	0.247919    	88.41     	1786.824532
0.00096110     	219       	35040       	560640      	12.583227   	0.226527    	89.45     	1778.813897
0.00095446     	229       	36640       	586240      	12.494857   	0.254791    	87.98     	1778.953119
0.00094733     	239       	38240       	611840      	12.139476   	0.242348    	88.46     	1792.692782
0.00093971     	249       	39840       	637440      	12.024685   	0.247194    	88.52     	1790.003966
0.00093162     	259       	41440       	663040      	11.318272   	0.239329    	88.99     	1783.855067
0.00092307     	269       	43040       	688640      	11.067126   	0.271922    	87.73     	1795.392836
0.00091406     	279       	44640       	714240      	11.120605   	0.230223    	89.26     	1799.434437
0.00090460     	289       	46240       	739840      	10.708255   	0.222369    	89.05     	1795.863882
0.00089472     	299       	47840       	765440      	10.427472   	0.233569    	89.70     	1795.384046
0.00088442     	309       	49440       	791040      	10.318038   	0.244953    	88.24     	1777.554489
0.00087370     	319       	51040       	816640      	9.596457    	0.235054    	88.59     	1777.377911
0.00086260     	329       	52640       	842240      	9.499195    	0.232058    	89.61     	1779.731709
0.00085111     	339       	54240       	867840      	9.358217    	0.204230    	91.08     	1789.589932
0.00083925     	349       	55840       	893440      	8.818939    	0.207989    	90.78     	1783.746625
0.00082705     	359       	57440       	919040      	8.741733    	0.205642    	90.54     	1770.086066
0.00081450     	369       	59040       	944640      	8.859811    	0.186112    	91.28     	1787.577941
0.00080164     	379       	60640       	970240      	8.205702    	0.204185    	90.59     	1784.413704
0.00078846     	389       	62240       	995840      	8.105892    	0.183361    	91.50     	1772.905801
0.00077500     	399       	63840       	1021440     	7.736713    	0.214840    	89.73     	1830.647826
0.00076126     	409       	65440       	1047040     	7.655625    	0.189975    	91.20     	2997.084615
0.00074727     	419       	67040       	1072640     	7.289124    	0.199987    	90.69     	2955.823567
0.00073303     	429       	68640       	1098240     	7.238757    	0.189213    	91.67     	2952.333693
0.00071857     	439       	70240       	1123840     	7.367187    	0.182465    	91.48     	2967.385496
0.00070391     	449       	71840       	1149440     	6.666861    	0.191851    	91.54     	2956.094317
0.00068906     	459       	73440       	1175040     	6.684452    	0.182856    	91.85     	2944.946218
0.00067404     	469       	75040       	1200640     	6.432668    	0.178124    	91.69     	2955.147652
0.00065886     	479       	76640       	1226240     	6.483142    	0.183986    	92.11     	3512.764433
0.00064356     	489       	78240       	1251840     	6.419595    	0.185472    	91.29     	2094.389573
0.00062814     	499       	79840       	1277440     	6.352423    	0.173106    	91.66     	2960.010387
0.00061263     	509       	81440       	1303040     	6.123763    	0.182629    	91.80     	2948.886647
0.00059704     	519       	83040       	1328640     	5.792233    	0.170363    	92.13     	2956.903428
0.00058139     	529       	84640       	1354240     	5.834811    	0.168707    	91.94     	2970.409999
0.00056570     	539       	86240       	1379840     	5.709021    	0.182005    	91.97     	3096.697007
0.00055000     	549       	87840       	1405440     	5.710006    	0.178079    	91.72     	2906.558641
0.00053430     	559       	89440       	1431040     	5.467428    	0.162581    	92.38     	2898.655006
0.00051861     	569       	91040       	1456640     	5.455288    	0.170101    	91.79     	3003.411647
0.00050296     	579       	92640       	1482240     	5.099000    	0.181825    	91.12     	2776.246147
0.00048737     	589       	94240       	1507840     	5.187108    	0.160023    	92.18     	2670.202404
0.00047186     	599       	95840       	1533440     	5.128656    	0.165701    	91.86     	2936.360765
0.00045644     	609       	97440       	1559040     	5.085316    	0.146990    	93.13     	2955.988444
0.00044114     	619       	99040       	1584640     	4.825435    	0.157097    	92.12     	2939.894989
0.00042596     	629       	100640      	1610240     	4.780256    	0.156199    	92.50     	2948.870370
0.00041094     	639       	102240      	1635840     	4.767306    	0.157895    	92.69     	2950.308446
0.00039609     	649       	103840      	1661440     	4.734401    	0.151504    	92.73     	2941.648032
0.00038143     	659       	105440      	1687040     	4.679007    	0.150670    	93.04     	2956.683194
0.00036697     	669       	107040      	1712640     	4.496513    	0.140472    	93.41     	2946.053712
0.00035273     	679       	108640      	1738240     	4.465724    	0.145152    	92.96     	2932.011734
0.00033874     	689       	110240      	1763840     	4.399137    	0.149604    	93.08     	2941.134156
0.00032500     	699       	111840      	1789440     	4.186165    	0.150924    	92.82     	2928.852314
0.00031154     	709       	113440      	1815040     	4.229570    	0.146220    	92.99     	2945.501364
0.00029836     	719       	115040      	1840640     	4.206921    	0.146793    	93.41     	4618.799530
0.00028550     	729       	116640      	1866240     	4.172216    	0.136916    	93.58     	4459.765716
0.00027295     	739       	118240      	1891840     	4.093523    	0.155828    	92.80     	4556.638750
0.00026075     	749       	119840      	1917440     	3.657713    	0.138308    	93.45     	4313.068594
0.00024889     	759       	121440      	1943040     	4.065935    	0.145757    	93.21     	4368.371385
0.00023740     	769       	123040      	1968640     	3.825047    	0.148955    	93.10     	2674.533167
0.00022630     	779       	124640      	1994240     	3.740971    	0.139572    	93.56     	2962.864603
0.00021558     	789       	126240      	2019840     	3.664158    	0.136780    	93.20     	3748.757006
0.00020528     	799       	127840      	2045440     	3.689110    	0.137006    	93.98     	2322.069262
0.00019540     	809       	129440      	2071040     	3.600252    	0.136713    	93.91     	3490.443093
0.00018594     	819       	131040      	2096640     	3.455780    	0.145247    	93.15     	2406.735922
0.00017693     	829       	132640      	2122240     	3.304399    	0.137212    	93.24     	3247.122275
0.00016838     	839       	134240      	2147840     	3.386304    	0.132984    	93.93     	3688.432571
0.00016029     	849       	135840      	2173440     	3.436937    	0.134068    	93.55     	2314.550953
0.00015267     	859       	137440      	2199040     	3.453438    	0.128086    	94.27     	3697.617336
0.00014554     	869       	139040      	2224640     	3.217420    	0.135836    	93.37     	2232.210754
0.00013890     	879       	140640      	2250240     	3.439892    	0.132106    	94.02     	2209.171733
0.00013277     	889       	142240      	2275840     	3.303963    	0.134666    	93.77     	2376.651907
0.00012714     	899       	143840      	2301440     	3.431906    	0.130107    	93.89     	2289.481645
0.00012202     	909       	145440      	2327040     	3.208556    	0.130884    	93.91     	2056.919015
0.00011743     	919       	147040      	2352640     	3.327695    	0.134233    	93.71     	1740.660774
0.00011337     	929       	148640      	2378240     	3.280731    	0.128259    	94.01     	1719.562005
0.00010983     	939       	150240      	2403840     	3.000045    	0.134632    	93.64     	1823.175322
0.00010684     	949       	151840      	2429440     	3.453143    	0.135412    	93.73     	1706.668597
0.00010438     	959       	153440      	2455040     	3.072540    	0.132230    	93.64     	1456.307714
0.00010247     	969       	155040      	2480640     	3.146455    	0.127570    	93.80     	1267.255065
0.00010110     	979       	156640      	2506240     	3.160754    	0.131503    	93.93     	1223.657291
0.00010027     	989       	158240      	2531840     	3.219785    	0.130695    	93.87     	1223.984352
0.00010000     	999       	159840      	2557440     	3.202557    	0.139428    	93.93     	1223.744771
