Learning Rate	Epoch	BatchNum	DataNum	TrainLoss	TestLoss	TestAcc	Time
0.00010000     	9         	1440        	23040       	252.466228  	1.722869    	18.57     	2013.745954
0.00020000     	19        	3040        	48640       	244.951274  	1.716682    	20.23     	2548.363390
0.00030000     	29        	4640        	74240       	241.953609  	1.785414    	17.58     	2563.914319
0.00040000     	39        	6240        	99840       	239.030856  	1.752035    	18.56     	2557.676576
0.00050000     	49        	7840        	125440      	235.839303  	1.750490    	19.55     	2554.133072
0.00060000     	59        	9440        	151040      	230.665271  	1.812643    	20.91     	2548.968445
0.00070000     	69        	11040       	176640      	224.381019  	1.759087    	22.77     	2555.195509
0.00080000     	79        	12640       	202240      	219.426305  	1.715865    	24.30     	2557.335981
0.00090000     	89        	14240       	227840      	213.656748  	1.677688    	26.12     	2506.810855
0.00100000     	99        	15840       	253440      	207.585220  	1.674059    	28.10     	2545.301577
0.00099973     	109       	17440       	279040      	204.513952  	1.661272    	28.98     	2558.875547
0.00099890     	119       	19040       	304640      	198.591591  	1.630559    	29.29     	2566.350310
0.00099753     	129       	20640       	330240      	188.935851  	1.587453    	33.99     	2547.503166
0.00099562     	139       	22240       	355840      	181.228704  	1.609794    	35.34     	2553.563125
0.00099316     	149       	23840       	381440      	174.856152  	1.535980    	37.45     	2787.242103
0.00099017     	159       	25440       	407040      	168.892455  	1.569087    	36.92     	2131.807802
0.00098663     	169       	27040       	432640      	163.672255  	1.557294    	37.29     	2523.964345
0.00098257     	179       	28640       	458240      	159.203690  	1.525382    	38.97     	2550.093144
0.00097798     	189       	30240       	483840      	156.174286  	1.521247    	38.53     	2550.727437
0.00097286     	199       	31840       	509440      	152.408074  	1.541625    	39.26     	2550.009199
0.00096723     	209       	33440       	535040      	147.549822  	1.583726    	39.02     	2550.750073
0.00096110     	219       	35040       	560640      	145.755207  	1.556851    	40.15     	2556.780477
0.00095446     	229       	36640       	586240      	142.980683  	1.580096    	38.60     	2555.203440
0.00094733     	239       	38240       	611840      	141.776457  	1.585195    	38.73     	2550.621599
0.00093971     	249       	39840       	637440      	138.021781  	1.555370    	40.49     	2548.915997
0.00093162     	259       	41440       	663040      	137.342397  	1.502194    	40.95     	2552.105833
0.00092307     	269       	43040       	688640      	134.330130  	1.589962    	39.74     	2547.894337
0.00091406     	279       	44640       	714240      	131.704834  	1.544802    	39.41     	2548.655837
0.00090460     	289       	46240       	739840      	128.370711  	1.533070    	42.28     	2551.186178
0.00089472     	299       	47840       	765440      	127.246576  	1.504085    	42.41     	2553.288882
0.00088442     	309       	49440       	791040      	123.439224  	1.523347    	41.95     	2542.793531
0.00087370     	319       	51040       	816640      	121.881455  	1.511885    	41.13     	2558.697348
0.00086260     	329       	52640       	842240      	120.056661  	1.497124    	42.68     	2519.906726
0.00085111     	339       	54240       	867840      	119.944181  	1.489802    	42.63     	2553.480151
0.00083925     	349       	55840       	893440      	117.681215  	1.561555    	41.20     	2544.853213
0.00082705     	359       	57440       	919040      	115.635646  	1.526481    	42.45     	2555.175091
0.00081450     	369       	59040       	944640      	115.438461  	1.512717    	42.31     	2569.116342
0.00080164     	379       	60640       	970240      	114.186724  	1.556615    	41.73     	2687.993420
0.00078846     	389       	62240       	995840      	112.047179  	1.524093    	42.00     	2403.064607
0.00077500     	399       	63840       	1021440     	110.880859  	1.557082    	40.73     	2541.376608
0.00076126     	409       	65440       	1047040     	110.456407  	1.477559    	42.98     	2514.808544
0.00074727     	419       	67040       	1072640     	109.315536  	1.542064    	42.01     	2506.576439
0.00073303     	429       	68640       	1098240     	107.450492  	1.496760    	43.68     	2518.205546
0.00071857     	439       	70240       	1123840     	106.418139  	1.499524    	41.79     	2581.046788
0.00070391     	449       	71840       	1149440     	103.480880  	1.590917    	41.71     	2563.036823
0.00068906     	459       	73440       	1175040     	103.378184  	1.554961    	42.40     	2550.296275
0.00067404     	469       	75040       	1200640     	102.982757  	1.566834    	41.34     	2542.719240
0.00065886     	479       	76640       	1226240     	100.932108  	1.618404    	41.35     	2542.446898
0.00064356     	489       	78240       	1251840     	101.180883  	1.536771    	43.64     	2532.368243
0.00062814     	499       	79840       	1277440     	98.846636   	1.538133    	42.83     	2539.714307
0.00061263     	509       	81440       	1303040     	98.841028   	1.508402    	42.89     	2549.362317
0.00059704     	519       	83040       	1328640     	98.207178   	1.516957    	43.48     	2548.176775
0.00058139     	529       	84640       	1354240     	97.186862   	1.540171    	42.69     	2558.130302
0.00056570     	539       	86240       	1379840     	95.973569   	1.535554    	42.62     	2561.518511
0.00055000     	549       	87840       	1405440     	94.190107   	1.574436    	41.02     	2560.093705
0.00053430     	559       	89440       	1431040     	94.342616   	1.485017    	43.34     	2549.754464
0.00051861     	569       	91040       	1456640     	93.448224   	1.543082    	42.04     	2560.336548
0.00050296     	579       	92640       	1482240     	92.753408   	1.478167    	44.55     	2560.834127
0.00048737     	589       	94240       	1507840     	91.699059   	1.535056    	42.34     	2561.421027
0.00047186     	599       	95840       	1533440     	90.135784   	1.533245    	42.70     	2559.854814
0.00045644     	609       	97440       	1559040     	90.051815   	1.509252    	43.64     	2560.124603
0.00044114     	619       	99040       	1584640     	89.026728   	1.539771    	43.03     	2562.181194
0.00042596     	629       	100640      	1610240     	87.425104   	1.538956    	43.34     	2553.342039
0.00041094     	639       	102240      	1635840     	86.417579   	1.518475    	43.70     	2556.524862
0.00039609     	649       	103840      	1661440     	86.111738   	1.567125    	42.77     	2561.338785
0.00038143     	659       	105440      	1687040     	85.530164   	1.494956    	44.51     	2560.593433
0.00036697     	669       	107040      	1712640     	84.848147   	1.511888    	43.95     	2562.525941
0.00035273     	679       	108640      	1738240     	83.640438   	1.555822    	43.29     	2559.830787
0.00033874     	689       	110240      	1763840     	83.465702   	1.523591    	42.81     	2559.585352
0.00032500     	699       	111840      	1789440     	83.331531   	1.531423    	43.34     	2563.139340
0.00031154     	709       	113440      	1815040     	83.190416   	1.550739    	43.50     	2548.781522
0.00029836     	719       	115040      	1840640     	81.308434   	1.590902    	42.80     	2561.079579
0.00028550     	729       	116640      	1866240     	80.002168   	1.553476    	43.24     	2559.114898
0.00027295     	739       	118240      	1891840     	80.492063   	1.539252    	43.39     	2561.197915
0.00026075     	749       	119840      	1917440     	79.559036   	1.557083    	44.49     	2559.903608
0.00024889     	759       	121440      	1943040     	79.876340   	1.600018    	42.96     	2560.335857
0.00023740     	769       	123040      	1968640     	79.134210   	1.527202    	45.25     	2558.197052
0.00022630     	779       	124640      	1994240     	78.658665   	1.495857    	44.10     	2553.824398
0.00021558     	789       	126240      	2019840     	78.433794   	1.521381    	44.23     	2557.033832
0.00020528     	799       	127840      	2045440     	77.350411   	1.541413    	43.92     	2560.169356
0.00019540     	809       	129440      	2071040     	77.586816   	1.550570    	43.24     	2556.558775
0.00018594     	819       	131040      	2096640     	76.526403   	1.561286    	43.45     	2551.240751
0.00017693     	829       	132640      	2122240     	76.239333   	1.554518    	42.42     	2551.504981
0.00016838     	839       	134240      	2147840     	75.564217   	1.558154    	43.60     	2553.842727
0.00016029     	849       	135840      	2173440     	75.035300   	1.536786    	43.95     	2556.718099
0.00015267     	859       	137440      	2199040     	75.350559   	1.571027    	42.85     	2549.767542
0.00014554     	869       	139040      	2224640     	74.395152   	1.558739    	43.27     	2559.456518
0.00013890     	879       	140640      	2250240     	75.405895   	1.531157    	43.84     	2560.359352
0.00013277     	889       	142240      	2275840     	74.420404   	1.513070    	43.71     	2463.564925
0.00012714     	899       	143840      	2301440     	73.766451   	1.521770    	44.55     	1983.888151
0.00012202     	909       	145440      	2327040     	72.965722   	1.547127    	43.49     	1986.429130
0.00011743     	919       	147040      	2352640     	73.363965   	1.566387    	43.53     	1702.485805
0.00011337     	929       	148640      	2378240     	72.494496   	1.537645    	44.26     	1503.968710
0.00010983     	939       	150240      	2403840     	73.166419   	1.573135    	43.12     	1501.524664
0.00010684     	949       	151840      	2429440     	72.383231   	1.551179    	43.43     	1642.887131
0.00010438     	959       	153440      	2455040     	72.852664   	1.537528    	44.05     	1609.137571
0.00010247     	969       	155040      	2480640     	72.119102   	1.539104    	43.75     	1499.968125
0.00010110     	979       	156640      	2506240     	72.446144   	1.556812    	44.84     	1436.472580
0.00010027     	989       	158240      	2531840     	71.875019   	1.547778    	43.67     	1087.428762
0.00010000     	999       	159840      	2557440     	71.403469   	1.572435    	42.84     	1078.842884
