Learning Rate	Epoch	BatchNum	DataNum	TrainLoss	TestLoss	TestAcc	Time
0.00010000     	9         	1440        	23040       	257.007811  	1.654797    	19.72     	1402.259214
0.00020000     	19        	3040        	48640       	254.849573  	1.654251    	21.88     	1446.805066
0.00030000     	29        	4640        	74240       	250.517067  	1.751017    	21.07     	1441.433642
0.00040000     	39        	6240        	99840       	246.668455  	1.705879    	23.35     	1449.411661
0.00050000     	49        	7840        	125440      	243.327571  	1.718860    	21.74     	1439.323779
0.00060000     	59        	9440        	151040      	239.481495  	1.775238    	24.54     	1437.626501
0.00070000     	69        	11040       	176640      	235.987196  	1.833566    	22.92     	1432.974920
0.00080000     	79        	12640       	202240      	231.822888  	1.723517    	23.52     	1453.839890
0.00090000     	89        	14240       	227840      	229.211604  	1.813529    	23.54     	1435.866190
0.00100000     	99        	15840       	253440      	226.054907  	1.777557    	24.66     	1864.591113
0.00099973     	109       	17440       	279040      	222.108856  	1.874894    	23.23     	1881.017705
0.00099890     	119       	19040       	304640      	216.820008  	1.993535    	23.49     	1789.896354
0.00099753     	129       	20640       	330240      	213.376726  	1.875887    	24.06     	1814.757413
0.00099562     	139       	22240       	355840      	210.109885  	2.118961    	22.77     	2140.779058
0.00099316     	149       	23840       	381440      	205.941086  	1.957825    	22.86     	2744.301210
0.00099017     	159       	25440       	407040      	205.064935  	2.047390    	21.10     	1622.042454
0.00098663     	169       	27040       	432640      	203.619627  	1.975118    	22.41     	3297.439009
0.00098257     	179       	28640       	458240      	202.056345  	2.206388    	21.70     	1704.679863
0.00097798     	189       	30240       	483840      	199.428556  	2.153169    	22.39     	3104.094601
0.00097286     	199       	31840       	509440      	197.907077  	2.130283    	22.31     	1560.832069
0.00096723     	209       	33440       	535040      	196.015893  	2.162656    	21.30     	1816.631144
0.00096110     	219       	35040       	560640      	197.022498  	2.146194    	20.92     	1913.468033
0.00095446     	229       	36640       	586240      	197.133008  	2.263091    	19.72     	3611.262195
0.00094733     	239       	38240       	611840      	193.695605  	2.079395    	21.71     	1862.256615
0.00093971     	249       	39840       	637440      	195.205765  	2.128160    	20.27     	1886.139832
0.00093162     	259       	41440       	663040      	190.345055  	2.235895    	21.98     	2741.580418
0.00092307     	269       	43040       	688640      	190.015910  	2.328450    	20.52     	1315.789658
0.00091406     	279       	44640       	714240      	191.370194  	2.320720    	21.25     	2191.061530
0.00090460     	289       	46240       	739840      	188.307833  	2.381011    	20.27     	2438.810344
0.00089472     	299       	47840       	765440      	188.265366  	2.283028    	21.60     	1364.886581
0.00088442     	309       	49440       	791040      	186.319337  	2.451943    	20.05     	1749.735863
0.00087370     	319       	51040       	816640      	187.868667  	2.402797    	20.37     	1457.710157
0.00086260     	329       	52640       	842240      	187.669466  	2.295162    	20.39     	1303.031490
0.00085111     	339       	54240       	867840      	189.137870  	2.350803    	20.93     	1342.656184
0.00083925     	349       	55840       	893440      	189.504647  	2.357951    	20.81     	1523.599938
0.00082705     	359       	57440       	919040      	187.401895  	2.407931    	20.45     	1757.912529
0.00081450     	369       	59040       	944640      	185.751420  	2.409528    	20.02     	1195.798436
0.00080164     	379       	60640       	970240      	183.408460  	2.310446    	21.03     	1352.906277
0.00078846     	389       	62240       	995840      	182.540393  	2.446994    	20.33     	1683.282092
0.00077500     	399       	63840       	1021440     	185.673514  	2.445970    	19.58     	1355.213044
0.00076126     	409       	65440       	1047040     	187.067055  	2.525386    	20.33     	1345.236326
0.00074727     	419       	67040       	1072640     	181.229584  	2.472526    	19.06     	1359.947767
0.00073303     	429       	68640       	1098240     	183.701418  	2.380971    	20.07     	1356.538178
0.00071857     	439       	70240       	1123840     	182.336864  	2.385790    	21.45     	1352.529066
0.00070391     	449       	71840       	1149440     	181.766687  	2.466518    	21.10     	1340.357320
0.00068906     	459       	73440       	1175040     	181.734394  	2.384051    	20.73     	1350.359469
0.00067404     	469       	75040       	1200640     	180.574984  	2.431068    	21.66     	1349.766011
0.00065886     	479       	76640       	1226240     	180.903005  	2.436697    	20.73     	1345.521221
0.00064356     	489       	78240       	1251840     	179.057444  	2.509175    	19.30     	1316.649721
0.00062814     	499       	79840       	1277440     	179.291666  	2.405729    	21.18     	1404.080869
0.00061263     	509       	81440       	1303040     	178.129790  	2.533711    	20.64     	1357.251651
0.00059704     	519       	83040       	1328640     	177.798836  	2.405463    	20.93     	1499.185538
0.00058139     	529       	84640       	1354240     	176.103307  	2.473393    	20.77     	2123.781348
0.00056570     	539       	86240       	1379840     	177.036255  	2.541265    	20.78     	1739.069874
0.00055000     	549       	87840       	1405440     	176.650750  	2.575143    	21.45     	1861.698862
0.00053430     	559       	89440       	1431040     	176.657702  	2.499156    	21.05     	1223.992024
0.00051861     	569       	91040       	1456640     	176.559753  	2.525070    	20.34     	2361.880524
0.00050296     	579       	92640       	1482240     	174.844118  	2.578260    	19.78     	1357.142880
0.00048737     	589       	94240       	1507840     	172.590122  	2.677292    	19.86     	1358.989409
0.00047186     	599       	95840       	1533440     	173.456074  	2.510240    	20.78     	2158.420427
0.00045644     	609       	97440       	1559040     	170.970245  	2.564878    	22.34     	1360.226213
0.00044114     	619       	99040       	1584640     	170.678381  	2.555261    	22.14     	1572.021045
0.00042596     	629       	100640      	1610240     	168.969419  	2.624096    	20.78     	1357.732366
0.00041094     	639       	102240      	1635840     	168.768938  	2.680724    	21.39     	1383.719991
0.00039609     	649       	103840      	1661440     	168.167684  	2.694695    	22.19     	1241.876268
0.00038143     	659       	105440      	1687040     	167.463763  	2.800567    	20.18     	948.396345
0.00036697     	669       	107040      	1712640     	166.782652  	2.699339    	21.47     	942.327509
0.00035273     	679       	108640      	1738240     	165.192671  	2.724650    	21.19     	971.871059
0.00033874     	689       	110240      	1763840     	164.837096  	2.818618    	20.07     	953.331435
0.00032500     	699       	111840      	1789440     	163.803039  	2.791744    	20.85     	942.785931
0.00031154     	709       	113440      	1815040     	163.750215  	2.866956    	20.00     	941.579639
0.00029836     	719       	115040      	1840640     	163.479581  	2.836407    	20.58     	936.429735
0.00028550     	729       	116640      	1866240     	161.604511  	2.710294    	20.95     	943.898592
0.00027295     	739       	118240      	1891840     	161.209166  	2.835832    	20.42     	947.936214
0.00026075     	749       	119840      	1917440     	161.222785  	2.859599    	20.48     	946.481760
0.00024889     	759       	121440      	1943040     	160.416942  	2.770361    	20.55     	947.473703
0.00023740     	769       	123040      	1968640     	160.517005  	2.868021    	21.30     	941.487805
0.00022630     	779       	124640      	1994240     	158.905288  	2.902971    	20.90     	946.814835
0.00021558     	789       	126240      	2019840     	158.299516  	2.929732    	21.30     	945.908240
0.00020528     	799       	127840      	2045440     	157.904390  	2.759241    	21.21     	1895.907165
0.00019540     	809       	129440      	2071040     	157.221144  	2.944318    	19.74     	962.856457
0.00018594     	819       	131040      	2096640     	157.199141  	2.988394    	21.08     	945.832755
0.00017693     	829       	132640      	2122240     	156.417588  	2.788348    	22.31     	946.132582
0.00016838     	839       	134240      	2147840     	155.372744  	3.036748    	20.91     	821.042453
0.00016029     	849       	135840      	2173440     	154.809570  	2.982308    	20.94     	566.509255
0.00015267     	859       	137440      	2199040     	154.220137  	3.071783    	19.65     	555.428789
0.00014554     	869       	139040      	2224640     	153.640039  	3.035860    	20.40     	559.516511
0.00013890     	879       	140640      	2250240     	153.375405  	3.038082    	20.45     	555.623795
0.00013277     	889       	142240      	2275840     	153.955722  	2.981599    	21.06     	557.503418
0.00012714     	899       	143840      	2301440     	153.440317  	3.102719    	20.02     	557.402910
0.00012202     	909       	145440      	2327040     	152.989202  	2.988895    	20.43     	562.564822
0.00011743     	919       	147040      	2352640     	152.596259  	3.015967    	20.95     	567.993154
0.00011337     	929       	148640      	2378240     	151.929351  	2.971250    	21.66     	558.833778
0.00010983     	939       	150240      	2403840     	151.219787  	3.174839    	20.90     	562.372042
0.00010684     	949       	151840      	2429440     	151.677391  	3.125922    	21.15     	565.356946
0.00010438     	959       	153440      	2455040     	151.186147  	3.184082    	21.48     	566.984109
0.00010247     	969       	155040      	2480640     	150.713425  	3.242407    	20.92     	569.687188
0.00010110     	979       	156640      	2506240     	150.133648  	3.212413    	20.92     	565.020995
0.00010027     	989       	158240      	2531840     	150.334784  	3.141640    	21.50     	568.845964
0.00010000     	999       	159840      	2557440     	149.399383  	3.144549    	20.88     	565.500314
