Learning Rate	Epoch	BatchNum	DataNum	TrainLoss	TestLoss	TestAcc	Time
0.00010000     	9         	1440        	23040       	254.355195  	1.733055    	18.84     	1149.647138
0.00020000     	19        	3040        	48640       	250.310788  	1.713969    	19.21     	1156.906107
0.00030000     	29        	4640        	74240       	246.539623  	1.794505    	18.86     	1150.971365
0.00040000     	39        	6240        	99840       	243.175981  	1.839756    	19.95     	1192.300724
0.00050000     	49        	7840        	125440      	240.081275  	1.829335    	19.95     	1173.923341
0.00060000     	59        	9440        	151040      	238.358690  	1.792754    	20.55     	1166.313555
0.00070000     	69        	11040       	176640      	236.183512  	1.913693    	18.42     	1157.775019
0.00080000     	79        	12640       	202240      	234.018293  	1.838812    	19.34     	1161.510956
0.00090000     	89        	14240       	227840      	231.790359  	1.888714    	19.34     	1152.616698
0.00100000     	99        	15840       	253440      	230.049729  	1.895223    	19.27     	1160.787744
0.00099973     	109       	17440       	279040      	227.715487  	1.987684    	19.02     	1158.432553
0.00099890     	119       	19040       	304640      	224.940052  	1.987204    	18.27     	1191.197216
0.00099753     	129       	20640       	330240      	222.061986  	1.972582    	19.20     	1152.857181
0.00099562     	139       	22240       	355840      	219.731574  	2.055363    	17.89     	1157.832019
0.00099316     	149       	23840       	381440      	218.519226  	1.979215    	17.73     	1153.647175
0.00099017     	159       	25440       	407040      	215.888230  	2.052830    	19.09     	1175.774842
0.00098663     	169       	27040       	432640      	214.216711  	2.102100    	18.66     	1155.847979
0.00098257     	179       	28640       	458240      	212.669477  	2.035359    	19.73     	1052.306054
0.00097798     	189       	30240       	483840      	211.535898  	2.151058    	19.30     	764.360687
0.00097286     	199       	31840       	509440      	209.603250  	2.193852    	19.29     	758.006298
0.00096723     	209       	33440       	535040      	207.959864  	2.070130    	20.34     	957.542886
0.00096110     	219       	35040       	560640      	207.980518  	2.148561    	20.59     	780.435950
0.00095446     	229       	36640       	586240      	207.423346  	2.114375    	20.12     	773.914029
0.00094733     	239       	38240       	611840      	206.350524  	2.104549    	19.87     	764.258424
0.00093971     	249       	39840       	637440      	204.795732  	2.026962    	19.79     	760.111591
0.00093162     	259       	41440       	663040      	204.304962  	2.177255    	19.43     	761.759356
0.00092307     	269       	43040       	688640      	204.974361  	2.166615    	20.05     	769.003464
0.00091406     	279       	44640       	714240      	204.369146  	2.246780    	19.52     	788.879824
0.00090460     	289       	46240       	739840      	204.043046  	2.147006    	19.47     	787.032662
0.00089472     	299       	47840       	765440      	204.170549  	2.268137    	19.15     	779.190435
0.00088442     	309       	49440       	791040      	204.006603  	2.157310    	19.80     	774.474050
0.00087370     	319       	51040       	816640      	203.016928  	2.265121    	19.55     	775.212080
0.00086260     	329       	52640       	842240      	201.992285  	2.212224    	19.65     	777.070992
0.00085111     	339       	54240       	867840      	200.240388  	2.212183    	20.21     	781.991417
0.00083925     	349       	55840       	893440      	200.007230  	2.186407    	20.25     	787.739493
0.00082705     	359       	57440       	919040      	200.703977  	2.188434    	20.12     	793.024532
0.00081450     	369       	59040       	944640      	200.615478  	2.208470    	20.18     	782.796867
0.00080164     	379       	60640       	970240      	199.327454  	2.248344    	20.38     	781.248459
0.00078846     	389       	62240       	995840      	200.584583  	2.221789    	20.30     	779.185756
0.00077500     	399       	63840       	1021440     	199.612199  	2.256316    	20.00     	777.881191
0.00076126     	409       	65440       	1047040     	199.830458  	2.182012    	19.81     	786.037700
0.00074727     	419       	67040       	1072640     	198.909362  	2.155903    	19.79     	780.758069
0.00073303     	429       	68640       	1098240     	199.316897  	2.284368    	19.95     	795.672782
0.00071857     	439       	70240       	1123840     	199.111993  	2.215516    	19.39     	910.737527
0.00070391     	449       	71840       	1149440     	197.693654  	2.316135    	19.52     	793.502311
0.00068906     	459       	73440       	1175040     	196.073654  	2.231599    	19.77     	776.852995
0.00067404     	469       	75040       	1200640     	195.387779  	2.265028    	19.52     	780.734400
0.00065886     	479       	76640       	1226240     	195.861565  	2.277277    	18.95     	773.502721
0.00064356     	489       	78240       	1251840     	197.351965  	2.238929    	19.12     	770.988395
0.00062814     	499       	79840       	1277440     	195.473546  	2.276236    	18.03     	781.212781
0.00061263     	509       	81440       	1303040     	194.527149  	2.329982    	19.30     	795.252670
0.00059704     	519       	83040       	1328640     	194.859236  	2.370153    	19.48     	797.035734
0.00058139     	529       	84640       	1354240     	195.225230  	2.335763    	20.44     	786.545938
0.00056570     	539       	86240       	1379840     	193.815744  	2.350220    	18.63     	775.504153
0.00055000     	549       	87840       	1405440     	193.702785  	2.334812    	18.09     	773.639956
0.00053430     	559       	89440       	1431040     	191.629227  	2.368822    	19.13     	782.928573
0.00051861     	569       	91040       	1456640     	190.951986  	2.420780    	19.75     	774.752140
0.00050296     	579       	92640       	1482240     	191.036290  	2.376200    	19.80     	783.101548
0.00048737     	589       	94240       	1507840     	191.884834  	2.369811    	18.55     	798.673370
0.00047186     	599       	95840       	1533440     	190.896177  	2.349388    	18.94     	780.585577
0.00045644     	609       	97440       	1559040     	190.126554  	2.393689    	19.57     	771.104158
0.00044114     	619       	99040       	1584640     	192.443182  	2.396391    	17.90     	769.388581
0.00042596     	629       	100640      	1610240     	192.958630  	2.336779    	17.98     	757.908399
0.00041094     	639       	102240      	1635840     	190.402010  	2.394434    	20.27     	771.964876
0.00039609     	649       	103840      	1661440     	188.555580  	2.375567    	18.62     	781.861369
0.00038143     	659       	105440      	1687040     	188.439641  	2.412846    	19.72     	770.462089
0.00036697     	669       	107040      	1712640     	188.608048  	2.363691    	19.68     	849.333861
0.00035273     	679       	108640      	1738240     	187.856361  	2.388926    	19.28     	1005.439159
0.00033874     	689       	110240      	1763840     	187.195254  	2.489030    	20.42     	1167.617109
0.00032500     	699       	111840      	1789440     	187.083034  	2.508751    	19.66     	1173.444847
0.00031154     	709       	113440      	1815040     	186.500343  	2.443009    	19.45     	1175.436996
0.00029836     	719       	115040      	1840640     	187.331383  	2.438102    	19.51     	1166.290544
0.00028550     	729       	116640      	1866240     	187.224514  	2.310817    	19.47     	1170.328665
0.00027295     	739       	118240      	1891840     	186.854547  	2.408878    	18.95     	1164.392677
0.00026075     	749       	119840      	1917440     	185.572047  	2.503637    	19.20     	1179.985435
0.00024889     	759       	121440      	1943040     	185.100994  	2.515852    	19.88     	1171.202699
0.00023740     	769       	123040      	1968640     	184.024789  	2.495043    	20.16     	1162.704715
0.00022630     	779       	124640      	1994240     	183.728403  	2.497791    	19.12     	1174.563026
0.00021558     	789       	126240      	2019840     	182.759091  	2.446741    	19.78     	1171.602158
0.00020528     	799       	127840      	2045440     	182.727784  	2.428733    	19.59     	1185.477989
0.00019540     	809       	129440      	2071040     	182.729428  	2.544823    	19.02     	1167.214887
0.00018594     	819       	131040      	2096640     	181.998221  	2.523191    	20.35     	1154.707227
0.00017693     	829       	132640      	2122240     	181.314953  	2.486310    	20.07     	1159.345798
0.00016838     	839       	134240      	2147840     	180.427863  	2.489120    	19.64     	1161.667160
0.00016029     	849       	135840      	2173440     	180.160452  	2.463588    	19.50     	1166.666511
0.00015267     	859       	137440      	2199040     	179.172915  	2.494601    	20.23     	1160.842233
0.00014554     	869       	139040      	2224640     	178.603516  	2.554452    	19.32     	1157.046035
0.00013890     	879       	140640      	2250240     	178.813220  	2.546224    	20.15     	1164.992900
0.00013277     	889       	142240      	2275840     	178.204590  	2.523500    	20.37     	1169.413594
0.00012714     	899       	143840      	2301440     	177.808111  	2.593259    	19.95     	1163.724744
0.00012202     	909       	145440      	2327040     	176.794867  	2.586779    	18.61     	1176.396263
0.00011743     	919       	147040      	2352640     	177.013898  	2.569058    	19.30     	1728.520202
0.00011337     	929       	148640      	2378240     	175.853788  	2.540114    	19.60     	1445.399283
0.00010983     	939       	150240      	2403840     	176.737138  	2.621365    	18.80     	1253.107574
0.00010684     	949       	151840      	2429440     	177.173803  	2.628741    	19.38     	1082.924364
0.00010438     	959       	153440      	2455040     	175.894180  	2.547247    	20.22     	1226.357001
0.00010247     	969       	155040      	2480640     	176.222256  	2.563899    	19.97     	1168.596070
0.00010110     	979       	156640      	2506240     	175.509020  	2.598596    	19.85     	1161.056567
0.00010027     	989       	158240      	2531840     	174.811118  	2.590647    	19.38     	1242.629645
0.00010000     	999       	159840      	2557440     	174.747537  	2.603541    	19.17     	1307.269944
