Learning Rate	Epoch	BatchNum	DataNum	TrainLoss	TestLoss	TestAcc	Time
0.00010000     	9         	1440        	23040       	252.167885  	1.693746    	18.48     	3169.410257
0.00020000     	19        	3040        	48640       	245.535630  	1.727567    	19.19     	2855.273449
0.00030000     	29        	4640        	74240       	241.972210  	1.682119    	20.11     	2951.351936
0.00040000     	39        	6240        	99840       	238.643457  	1.807836    	18.30     	3300.705506
0.00050000     	49        	7840        	125440      	236.362346  	1.775129    	20.79     	1410.868398
0.00060000     	59        	9440        	151040      	233.339495  	1.773301    	20.41     	3177.263663
0.00070000     	69        	11040       	176640      	230.745880  	1.890786    	18.47     	2884.695112
0.00080000     	79        	12640       	202240      	227.842726  	1.897089    	18.23     	2578.976007
0.00090000     	89        	14240       	227840      	225.210377  	1.933334    	17.71     	679.227195
0.00100000     	99        	15840       	253440      	222.183821  	1.974095    	18.79     	660.804780
0.00099973     	109       	17440       	279040      	217.846358  	2.008330    	19.50     	660.256901
0.00099890     	119       	19040       	304640      	214.357153  	2.003844    	20.55     	663.150220
0.00099753     	129       	20640       	330240      	211.540110  	1.996559    	20.32     	675.709258
0.00099562     	139       	22240       	355840      	208.749259  	1.993413    	20.55     	754.182640
0.00099316     	149       	23840       	381440      	206.899870  	2.063808    	19.65     	2989.711963
0.00099017     	159       	25440       	407040      	204.086371  	2.090281    	19.81     	671.610309
0.00098663     	169       	27040       	432640      	202.885962  	2.081995    	21.81     	653.942925
0.00098257     	179       	28640       	458240      	200.390004  	2.099887    	19.54     	662.713261
0.00097798     	189       	30240       	483840      	199.102769  	2.105054    	20.35     	644.680995
0.00097286     	199       	31840       	509440      	196.117188  	2.177505    	19.73     	2886.300520
0.00096723     	209       	33440       	535040      	193.670760  	2.103620    	21.14     	759.195355
0.00096110     	219       	35040       	560640      	192.185684  	2.109663    	22.85     	649.638997
0.00095446     	229       	36640       	586240      	191.780683  	2.180989    	20.59     	671.689565
0.00094733     	239       	38240       	611840      	190.005729  	2.229452    	21.33     	682.611289
0.00093971     	249       	39840       	637440      	188.794874  	2.215184    	19.77     	658.162084
0.00093162     	259       	41440       	663040      	187.421089  	2.155493    	20.18     	2422.410869
0.00092307     	269       	43040       	688640      	184.575587  	2.165186    	21.33     	684.857476
0.00091406     	279       	44640       	714240      	182.854942  	2.208809    	21.71     	662.205911
0.00090460     	289       	46240       	739840      	181.346231  	2.190018    	20.77     	651.441311
0.00089472     	299       	47840       	765440      	179.346510  	2.200911    	21.99     	2097.581016
0.00088442     	309       	49440       	791040      	177.940217  	2.238466    	20.79     	786.028598
0.00087370     	319       	51040       	816640      	176.416462  	2.176659    	21.73     	647.070820
0.00086260     	329       	52640       	842240      	175.353256  	2.175148    	22.24     	667.663944
0.00085111     	339       	54240       	867840      	174.324335  	2.210592    	22.11     	653.489751
0.00083925     	349       	55840       	893440      	172.662609  	2.188425    	22.53     	657.320562
0.00082705     	359       	57440       	919040      	171.395639  	2.223938    	22.38     	2106.074104
0.00081450     	369       	59040       	944640      	170.892228  	2.232191    	20.59     	1256.820430
0.00080164     	379       	60640       	970240      	169.765951  	2.194457    	22.74     	641.843429
0.00078846     	389       	62240       	995840      	167.640937  	2.254999    	23.71     	663.959389
0.00077500     	399       	63840       	1021440     	166.003589  	2.178528    	22.38     	1082.270510
0.00076126     	409       	65440       	1047040     	166.850047  	2.236124    	22.98     	672.923188
0.00074727     	419       	67040       	1072640     	164.704086  	2.262188    	21.69     	658.270271
0.00073303     	429       	68640       	1098240     	164.304478  	2.289151    	21.42     	665.492948
0.00071857     	439       	70240       	1123840     	164.151281  	2.344590    	22.18     	662.805486
0.00070391     	449       	71840       	1149440     	163.500089  	2.222993    	22.11     	703.179547
0.00068906     	459       	73440       	1175040     	160.255759  	2.300219    	22.52     	689.193599
0.00067404     	469       	75040       	1200640     	160.253965  	2.249846    	22.99     	658.524626
0.00065886     	479       	76640       	1226240     	158.715856  	2.283231    	22.07     	656.020457
0.00064356     	489       	78240       	1251840     	158.612235  	2.239097    	21.79     	645.720025
0.00062814     	499       	79840       	1277440     	158.277989  	2.266793    	20.73     	666.908522
0.00061263     	509       	81440       	1303040     	156.835513  	2.292280    	20.97     	656.438716
0.00059704     	519       	83040       	1328640     	156.968910  	2.299208    	22.18     	654.995836
0.00058139     	529       	84640       	1354240     	155.688671  	2.346916    	21.62     	661.835534
0.00056570     	539       	86240       	1379840     	156.131085  	2.218719    	22.18     	668.788313
0.00055000     	549       	87840       	1405440     	155.132387  	2.341027    	22.56     	661.289133
0.00053430     	559       	89440       	1431040     	153.370120  	2.368075    	22.17     	661.013377
0.00051861     	569       	91040       	1456640     	153.190541  	2.295243    	21.46     	652.321771
0.00050296     	579       	92640       	1482240     	152.342378  	2.202649    	23.04     	639.297676
0.00048737     	589       	94240       	1507840     	151.437902  	2.321896    	22.45     	651.623495
0.00047186     	599       	95840       	1533440     	151.453382  	2.292697    	22.16     	670.738150
0.00045644     	609       	97440       	1559040     	149.918102  	2.336962    	22.63     	982.703200
0.00044114     	619       	99040       	1584640     	149.814909  	2.353401    	21.84     	643.266154
0.00042596     	629       	100640      	1610240     	148.690132  	2.346799    	22.16     	669.541513
0.00041094     	639       	102240      	1635840     	148.175686  	2.340617    	22.87     	783.875270
0.00039609     	649       	103840      	1661440     	146.538759  	2.324944    	21.58     	698.627171
0.00038143     	659       	105440      	1687040     	146.676214  	2.279966    	23.68     	648.384481
0.00036697     	669       	107040      	1712640     	146.157054  	2.259155    	23.05     	654.534357
0.00035273     	679       	108640      	1738240     	145.411764  	2.379387    	21.45     	651.773035
0.00033874     	689       	110240      	1763840     	145.614233  	2.390104    	21.80     	632.640136
0.00032500     	699       	111840      	1789440     	144.089119  	2.352725    	22.90     	652.836588
0.00031154     	709       	113440      	1815040     	142.877525  	2.287042    	22.44     	634.263097
0.00029836     	719       	115040      	1840640     	142.559962  	2.371412    	22.03     	648.450866
0.00028550     	729       	116640      	1866240     	142.413796  	2.335407    	22.36     	646.195378
0.00027295     	739       	118240      	1891840     	142.344180  	2.348580    	23.26     	650.352573
0.00026075     	749       	119840      	1917440     	141.496701  	2.334990    	23.45     	786.350662
0.00024889     	759       	121440      	1943040     	141.988336  	2.341605    	22.77     	644.915247
0.00023740     	769       	123040      	1968640     	139.806954  	2.392178    	24.13     	671.679155
0.00022630     	779       	124640      	1994240     	139.633115  	2.351554    	22.15     	637.390245
0.00021558     	789       	126240      	2019840     	139.987477  	2.316380    	22.23     	646.511457
0.00020528     	799       	127840      	2045440     	139.358786  	2.301496    	23.34     	1408.394037
0.00019540     	809       	129440      	2071040     	138.251959  	2.437955    	22.00     	602.978641
0.00018594     	819       	131040      	2096640     	137.380421  	2.412758    	24.02     	942.827491
0.00017693     	829       	132640      	2122240     	138.296798  	2.365773    	22.12     	622.697620
0.00016838     	839       	134240      	2147840     	137.754100  	2.434311    	22.96     	619.775906
0.00016029     	849       	135840      	2173440     	137.145411  	2.371545    	23.26     	623.300624
0.00015267     	859       	137440      	2199040     	136.546407  	2.381359    	23.55     	631.888652
0.00014554     	869       	139040      	2224640     	134.992080  	2.392150    	22.75     	628.629431
0.00013890     	879       	140640      	2250240     	137.068971  	2.374685    	23.30     	628.627667
0.00013277     	889       	142240      	2275840     	136.202793  	2.421569    	22.64     	629.066331
0.00012714     	899       	143840      	2301440     	134.986953  	2.433265    	23.02     	626.316605
0.00012202     	909       	145440      	2327040     	135.418407  	2.438404    	21.72     	629.631832
0.00011743     	919       	147040      	2352640     	136.839197  	2.367983    	23.11     	547.503493
0.00011337     	929       	148640      	2378240     	135.580057  	2.371899    	22.27     	497.908555
0.00010983     	939       	150240      	2403840     	135.189854  	2.355585    	23.12     	525.855833
0.00010684     	949       	151840      	2429440     	134.008572  	2.394146    	22.11     	499.126588
0.00010438     	959       	153440      	2455040     	135.197548  	2.437113    	23.12     	463.949713
0.00010247     	969       	155040      	2480640     	134.633187  	2.385792    	23.14     	473.863472
0.00010110     	979       	156640      	2506240     	134.023875  	2.409470    	22.28     	506.578113
0.00010027     	989       	158240      	2531840     	133.370917  	2.539696    	22.25     	488.667656
0.00010000     	999       	159840      	2557440     	133.763418  	2.375468    	23.09     	473.821832
