Learning Rate	Epoch	BatchNum	DataNum	TrainLoss	TestLoss	TestAcc	Time
0.00010000     	9         	1440        	23040       	254.462222  	1.664965    	18.80     	2593.516278
0.00020000     	19        	3040        	48640       	248.809158  	1.667541    	22.00     	2586.513067
0.00030000     	29        	4640        	74240       	243.966487  	1.724094    	21.75     	2585.137653
0.00040000     	39        	6240        	99840       	217.546733  	1.308579    	45.99     	2603.466986
0.00050000     	49        	7840        	125440      	146.531185  	0.985170    	62.38     	2565.867948
0.00060000     	59        	9440        	151040      	116.342080  	1.036614    	60.99     	2606.407141
0.00070000     	69        	11040       	176640      	102.897642  	0.961515    	63.73     	2582.848147
0.00080000     	79        	12640       	202240      	91.033037   	0.800278    	71.12     	2590.412587
0.00090000     	89        	14240       	227840      	82.367482   	0.778400    	70.76     	2568.658842
0.00100000     	99        	15840       	253440      	76.546142   	0.860591    	68.32     	2575.552240
0.00099973     	109       	17440       	279040      	70.919459   	0.823980    	71.31     	2586.191807
0.00099890     	119       	19040       	304640      	66.586650   	0.748841    	73.87     	2572.828035
0.00099753     	129       	20640       	330240      	62.504686   	0.701549    	74.20     	2567.772053
0.00099562     	139       	22240       	355840      	59.611846   	0.743044    	73.30     	2572.475007
0.00099316     	149       	23840       	381440      	56.590276   	0.725805    	74.84     	2563.845383
0.00099017     	159       	25440       	407040      	56.344241   	0.707492    	74.72     	2566.079526
0.00098663     	169       	27040       	432640      	54.159731   	0.717392    	74.45     	2558.163600
0.00098257     	179       	28640       	458240      	52.697611   	0.756047    	74.33     	2581.036717
0.00097798     	189       	30240       	483840      	50.505384   	0.696636    	75.33     	2595.803330
0.00097286     	199       	31840       	509440      	49.383024   	0.706757    	75.63     	2260.551505
0.00096723     	209       	33440       	535040      	49.223634   	0.697308    	76.24     	2088.738267
0.00096110     	219       	35040       	560640      	48.684872   	0.692912    	76.29     	2075.653155
0.00095446     	229       	36640       	586240      	47.764912   	0.764241    	74.98     	2074.537067
0.00094733     	239       	38240       	611840      	47.097372   	0.707781    	76.01     	1617.551661
0.00093971     	249       	39840       	637440      	47.093098   	0.709576    	75.56     	1609.130131
0.00093162     	259       	41440       	663040      	46.857490   	0.695644    	76.41     	1583.801628
0.00092307     	269       	43040       	688640      	46.326698   	0.735938    	74.23     	1599.212550
0.00091406     	279       	44640       	714240      	46.227195   	0.769974    	73.40     	1601.469400
0.00090460     	289       	46240       	739840      	45.538580   	0.799003    	72.47     	1604.620077
0.00089472     	299       	47840       	765440      	44.949528   	0.709926    	77.12     	1617.906117
0.00088442     	309       	49440       	791040      	44.896838   	0.694359    	76.67     	1600.608369
0.00087370     	319       	51040       	816640      	44.048542   	0.695935    	75.55     	1551.310553
0.00086260     	329       	52640       	842240      	43.543730   	0.696080    	75.69     	1573.161335
0.00085111     	339       	54240       	867840      	44.464654   	0.787994    	75.19     	1570.805015
0.00083925     	349       	55840       	893440      	42.390178   	0.702004    	75.88     	1585.957332
0.00082705     	359       	57440       	919040      	43.216043   	0.695039    	75.71     	1582.047879
0.00081450     	369       	59040       	944640      	43.374026   	0.758327    	74.32     	1589.517177
0.00080164     	379       	60640       	970240      	42.704700   	0.722872    	75.30     	1596.080340
0.00078846     	389       	62240       	995840      	42.840909   	0.817844    	73.59     	1622.618360
0.00077500     	399       	63840       	1021440     	43.060434   	0.704930    	75.52     	1597.389112
0.00076126     	409       	65440       	1047040     	42.924309   	0.746482    	75.42     	1586.829517
0.00074727     	419       	67040       	1072640     	41.175869   	0.761050    	74.72     	1570.701908
0.00073303     	429       	68640       	1098240     	41.448271   	0.755351    	75.62     	2253.147903
0.00071857     	439       	70240       	1123840     	40.733684   	0.771178    	74.46     	2611.920632
0.00070391     	449       	71840       	1149440     	40.641624   	0.784471    	74.66     	2613.016641
0.00068906     	459       	73440       	1175040     	39.678791   	0.822170    	72.48     	2594.314517
0.00067404     	469       	75040       	1200640     	40.613199   	0.788302    	72.48     	2611.559255
0.00065886     	479       	76640       	1226240     	39.621450   	0.703001    	76.37     	2610.860494
0.00064356     	489       	78240       	1251840     	38.339044   	0.702047    	75.94     	2611.116566
0.00062814     	499       	79840       	1277440     	38.275284   	0.712643    	76.10     	2604.547831
0.00061263     	509       	81440       	1303040     	37.826385   	0.772603    	72.67     	2616.434065
0.00059704     	519       	83040       	1328640     	37.444249   	0.686546    	76.01     	3011.958256
0.00058139     	529       	84640       	1354240     	37.926173   	0.728708    	74.77     	2602.895392
0.00056570     	539       	86240       	1379840     	37.238755   	0.723160    	75.44     	2616.474531
0.00055000     	549       	87840       	1405440     	35.678246   	0.733137    	74.73     	2606.952226
0.00053430     	559       	89440       	1431040     	36.097837   	0.687981    	76.01     	2614.092189
0.00051861     	569       	91040       	1456640     	35.481447   	0.772797    	73.39     	2620.810112
0.00050296     	579       	92640       	1482240     	34.893460   	0.749811    	74.87     	2799.828191
0.00048737     	589       	94240       	1507840     	34.057251   	0.771413    	73.41     	2555.147355
0.00047186     	599       	95840       	1533440     	33.392250   	0.691547    	76.91     	2425.186140
0.00045644     	609       	97440       	1559040     	33.057913   	0.782092    	72.77     	2929.064744
0.00044114     	619       	99040       	1584640     	32.734639   	0.766968    	72.87     	2572.362097
0.00042596     	629       	100640      	1610240     	32.431317   	0.679809    	76.23     	3224.922190
0.00041094     	639       	102240      	1635840     	31.645271   	0.714425    	74.98     	2576.494785
0.00039609     	649       	103840      	1661440     	30.617349   	0.732386    	74.45     	2601.282578
0.00038143     	659       	105440      	1687040     	30.935059   	0.653704    	76.43     	2613.482723
0.00036697     	669       	107040      	1712640     	30.027537   	0.702032    	74.89     	2612.993321
0.00035273     	679       	108640      	1738240     	29.225850   	0.755403    	75.57     	2609.574413
0.00033874     	689       	110240      	1763840     	28.696743   	0.684168    	77.34     	2599.405738
0.00032500     	699       	111840      	1789440     	28.816177   	0.681821    	76.12     	2590.698223
0.00031154     	709       	113440      	1815040     	27.809372   	0.674203    	75.74     	2601.829948
0.00029836     	719       	115040      	1840640     	27.520381   	0.661332    	76.19     	2593.234349
0.00028550     	729       	116640      	1866240     	26.829461   	0.660772    	77.08     	2659.778944
0.00027295     	739       	118240      	1891840     	26.366798   	0.711451    	76.99     	2169.008193
0.00026075     	749       	119840      	1917440     	26.829371   	0.671535    	77.23     	2452.786851
0.00024889     	759       	121440      	1943040     	25.085995   	0.684345    	77.49     	2533.389510
0.00023740     	769       	123040      	1968640     	25.076042   	0.671666    	77.78     	2625.165181
0.00022630     	779       	124640      	1994240     	24.659083   	0.658594    	77.62     	3348.318101
0.00021558     	789       	126240      	2019840     	23.919684   	0.663268    	78.13     	2458.872770
0.00020528     	799       	127840      	2045440     	23.795711   	0.650360    	77.99     	2694.094654
0.00019540     	809       	129440      	2071040     	23.346248   	0.685920    	77.97     	2775.659558
0.00018594     	819       	131040      	2096640     	23.138183   	0.646982    	78.11     	2512.611677
0.00017693     	829       	132640      	2122240     	22.540077   	0.659013    	78.32     	2625.688509
0.00016838     	839       	134240      	2147840     	22.595554   	0.645337    	78.91     	2440.128689
0.00016029     	849       	135840      	2173440     	21.804055   	0.645035    	78.92     	3064.850413
0.00015267     	859       	137440      	2199040     	21.282557   	0.640939    	79.62     	2483.519093
0.00014554     	869       	139040      	2224640     	21.092519   	0.603295    	79.23     	2060.885867
0.00013890     	879       	140640      	2250240     	20.610066   	0.658530    	77.89     	2537.221518
0.00013277     	889       	142240      	2275840     	20.921070   	0.657460    	78.15     	1856.209828
0.00012714     	899       	143840      	2301440     	20.244729   	0.654157    	78.80     	1431.942787
0.00012202     	909       	145440      	2327040     	20.040031   	0.659592    	78.16     	2218.966056
0.00011743     	919       	147040      	2352640     	19.921783   	0.651556    	77.87     	2310.431003
0.00011337     	929       	148640      	2378240     	19.967749   	0.618663    	79.66     	1952.302634
0.00010983     	939       	150240      	2403840     	19.506312   	0.657129    	78.34     	2332.643305
0.00010684     	949       	151840      	2429440     	19.334466   	0.616800    	79.87     	1967.803376
0.00010438     	959       	153440      	2455040     	18.147206   	0.625039    	79.90     	2481.916091
0.00010247     	969       	155040      	2480640     	18.601238   	0.626287    	78.75     	1835.052621
0.00010110     	979       	156640      	2506240     	18.427340   	0.653078    	79.41     	1558.883521
0.00010027     	989       	158240      	2531840     	19.024010   	0.598525    	79.85     	1571.468829
0.00010000     	999       	159840      	2557440     	17.637403   	0.628408    	79.44     	2405.110236
