Learning Rate	Epoch	BatchNum	DataNum	TrainLoss	TestLoss	TestAcc	Time
0.00010000     	9         	1440        	23040       	254.150417  	1.711736    	19.12     	524.905547
0.00020000     	19        	3040        	48640       	250.587355  	1.715358    	18.22     	545.426488
0.00030000     	29        	4640        	74240       	246.317725  	1.776120    	18.86     	588.947726
0.00040000     	39        	6240        	99840       	243.268119  	1.747550    	19.72     	1059.921912
0.00050000     	49        	7840        	125440      	240.718491  	1.758939    	19.84     	1398.952982
0.00060000     	59        	9440        	151040      	238.582555  	1.849288    	19.28     	1430.453731
0.00070000     	69        	11040       	176640      	234.796882  	1.836571    	21.33     	1475.048462
0.00080000     	79        	12640       	202240      	227.500399  	1.790183    	22.20     	1427.922373
0.00090000     	89        	14240       	227840      	216.775840  	1.637016    	28.63     	1435.699143
0.00100000     	99        	15840       	253440      	205.244920  	1.632453    	29.20     	1428.482422
0.00099973     	109       	17440       	279040      	195.509698  	1.601005    	31.02     	1422.395211
0.00099890     	119       	19040       	304640      	187.543433  	1.710706    	30.57     	1424.026059
0.00099753     	129       	20640       	330240      	177.706930  	1.575494    	35.30     	1444.997044
0.00099562     	139       	22240       	355840      	170.407097  	1.593741    	36.25     	1424.546621
0.00099316     	149       	23840       	381440      	165.237500  	1.521775    	38.17     	1440.159290
0.00099017     	159       	25440       	407040      	159.013512  	1.533132    	37.56     	1424.718643
0.00098663     	169       	27040       	432640      	152.896390  	1.569994    	37.94     	1436.985784
0.00098257     	179       	28640       	458240      	145.777070  	1.517849    	39.57     	1407.092980
0.00097798     	189       	30240       	483840      	139.470487  	1.521102    	40.59     	1019.164802
0.00097286     	199       	31840       	509440      	133.879794  	1.534908    	40.23     	906.214429
0.00096723     	209       	33440       	535040      	130.367234  	1.520128    	40.23     	1080.876862
0.00096110     	219       	35040       	560640      	126.888986  	1.560583    	39.87     	903.428644
0.00095446     	229       	36640       	586240      	123.025307  	1.539704    	39.42     	902.665803
0.00094733     	239       	38240       	611840      	119.694323  	1.575891    	39.01     	909.478241
0.00093971     	249       	39840       	637440      	115.920552  	1.557667    	40.59     	903.338327
0.00093162     	259       	41440       	663040      	113.515403  	1.573389    	40.64     	917.356063
0.00092307     	269       	43040       	688640      	110.777787  	1.524923    	42.80     	929.656499
0.00091406     	279       	44640       	714240      	108.150176  	1.607094    	39.92     	909.460564
0.00090460     	289       	46240       	739840      	104.671287  	1.559947    	41.54     	910.451757
0.00089472     	299       	47840       	765440      	103.569385  	1.611428    	39.31     	895.584688
0.00088442     	309       	49440       	791040      	101.815082  	1.592646    	41.42     	895.721835
0.00087370     	319       	51040       	816640      	100.107259  	1.508805    	42.26     	905.748690
0.00086260     	329       	52640       	842240      	97.361351   	1.534389    	42.52     	877.241245
0.00085111     	339       	54240       	867840      	95.651074   	1.550489    	42.23     	895.027774
0.00083925     	349       	55840       	893440      	94.358200   	1.610104    	41.60     	892.622283
0.00082705     	359       	57440       	919040      	92.016845   	1.586715    	42.73     	895.480930
0.00081450     	369       	59040       	944640      	91.450224   	1.603583    	41.85     	902.279986
0.00080164     	379       	60640       	970240      	89.269510   	1.573385    	42.65     	898.444532
0.00078846     	389       	62240       	995840      	89.052466   	1.553904    	41.55     	896.239532
0.00077500     	399       	63840       	1021440     	87.289543   	1.549514    	42.44     	892.744135
0.00076126     	409       	65440       	1047040     	85.790641   	1.536242    	43.34     	998.666329
0.00074727     	419       	67040       	1072640     	84.647216   	1.520403    	43.77     	903.763866
0.00073303     	429       	68640       	1098240     	83.323133   	1.553640    	44.04     	900.471983
0.00071857     	439       	70240       	1123840     	82.549617   	1.564115    	42.05     	896.105543
0.00070391     	449       	71840       	1149440     	81.195845   	1.515341    	44.16     	904.394281
0.00068906     	459       	73440       	1175040     	79.008201   	1.508696    	44.32     	904.684904
0.00067404     	469       	75040       	1200640     	78.706649   	1.530332    	43.55     	902.473527
0.00065886     	479       	76640       	1226240     	77.608461   	1.526891    	43.97     	921.645482
0.00064356     	489       	78240       	1251840     	76.036103   	1.559042    	43.45     	895.530940
0.00062814     	499       	79840       	1277440     	75.131915   	1.574959    	43.18     	910.271807
0.00061263     	509       	81440       	1303040     	74.511232   	1.589371    	43.58     	903.999003
0.00059704     	519       	83040       	1328640     	73.047567   	1.536335    	44.33     	912.981312
0.00058139     	529       	84640       	1354240     	71.837808   	1.580427    	42.06     	897.694886
0.00056570     	539       	86240       	1379840     	70.853967   	1.585151    	43.15     	918.926313
0.00055000     	549       	87840       	1405440     	69.393923   	1.595288    	43.62     	916.777055
0.00053430     	559       	89440       	1431040     	69.469530   	1.601000    	43.08     	915.302052
0.00051861     	569       	91040       	1456640     	67.468928   	1.567756    	44.59     	931.966638
0.00050296     	579       	92640       	1482240     	67.088528   	1.575869    	44.20     	924.607539
0.00048737     	589       	94240       	1507840     	66.747756   	1.568095    	44.02     	918.128068
0.00047186     	599       	95840       	1533440     	65.517445   	1.602168    	43.28     	937.825476
0.00045644     	609       	97440       	1559040     	65.552904   	1.567321    	43.04     	1154.349246
0.00044114     	619       	99040       	1584640     	64.101267   	1.536635    	44.67     	1477.500071
0.00042596     	629       	100640      	1610240     	63.345417   	1.548108    	43.95     	1443.086211
0.00041094     	639       	102240      	1635840     	62.831430   	1.581374    	44.12     	1472.009176
0.00039609     	649       	103840      	1661440     	62.029813   	1.613351    	43.80     	1475.041664
0.00038143     	659       	105440      	1687040     	61.177053   	1.615985    	43.66     	1449.637732
0.00036697     	669       	107040      	1712640     	60.738660   	1.632849    	43.70     	1466.093406
0.00035273     	679       	108640      	1738240     	59.607035   	1.582911    	44.38     	1454.790258
0.00033874     	689       	110240      	1763840     	59.324582   	1.629599    	43.75     	1475.478500
0.00032500     	699       	111840      	1789440     	58.262430   	1.596282    	43.85     	1446.795658
0.00031154     	709       	113440      	1815040     	58.455852   	1.631009    	44.02     	1455.656809
0.00029836     	719       	115040      	1840640     	57.206313   	1.602775    	44.27     	1449.300529
0.00028550     	729       	116640      	1866240     	56.717019   	1.606364    	42.75     	1446.959293
0.00027295     	739       	118240      	1891840     	55.867763   	1.574131    	46.00     	1431.474572
0.00026075     	749       	119840      	1917440     	55.888807   	1.659061    	43.17     	1428.733620
0.00024889     	759       	121440      	1943040     	54.660872   	1.589423    	44.13     	1441.862610
0.00023740     	769       	123040      	1968640     	54.102655   	1.630324    	44.99     	1424.437093
0.00022630     	779       	124640      	1994240     	53.874006   	1.624250    	43.41     	1441.112874
0.00021558     	789       	126240      	2019840     	53.175826   	1.679284    	42.66     	1416.553953
0.00020528     	799       	127840      	2045440     	52.930616   	1.675997    	42.66     	1436.133296
0.00019540     	809       	129440      	2071040     	52.669442   	1.662705    	41.95     	1831.438373
0.00018594     	819       	131040      	2096640     	52.018652   	1.640889    	44.55     	1510.976714
0.00017693     	829       	132640      	2122240     	51.893551   	1.623769    	43.73     	1573.696548
0.00016838     	839       	134240      	2147840     	50.722629   	1.615073    	44.52     	1494.686849
0.00016029     	849       	135840      	2173440     	50.719899   	1.646812    	43.70     	1427.772323
0.00015267     	859       	137440      	2199040     	49.902694   	1.691549    	42.02     	1437.726672
0.00014554     	869       	139040      	2224640     	50.857553   	1.641644    	44.16     	1889.679489
0.00013890     	879       	140640      	2250240     	50.040509   	1.660070    	44.25     	1099.498979
0.00013277     	889       	142240      	2275840     	49.549032   	1.642095    	44.10     	951.248569
0.00012714     	899       	143840      	2301440     	48.096051   	1.648677    	44.73     	980.523549
0.00012202     	909       	145440      	2327040     	48.636018   	1.608254    	44.83     	973.532544
0.00011743     	919       	147040      	2352640     	48.524832   	1.648867    	43.32     	973.797308
0.00011337     	929       	148640      	2378240     	47.941182   	1.637324    	44.06     	964.909651
0.00010983     	939       	150240      	2403840     	48.422279   	1.649372    	43.79     	964.270811
0.00010684     	949       	151840      	2429440     	47.701586   	1.653182    	44.14     	971.349039
0.00010438     	959       	153440      	2455040     	48.082654   	1.633406    	44.75     	964.382806
0.00010247     	969       	155040      	2480640     	47.217921   	1.640564    	44.41     	968.143011
0.00010110     	979       	156640      	2506240     	47.734978   	1.614573    	45.40     	970.458045
0.00010027     	989       	158240      	2531840     	46.972236   	1.650086    	43.79     	968.968095
0.00010000     	999       	159840      	2557440     	47.319992   	1.628548    	44.56     	968.355271
