Learning Rate	Epoch	BatchNum	DataNum	TrainLoss	TestLoss	TestAcc	Time
0.00010000     	9         	720         	23040       	129.875258  	1.756399    	18.80     	907.522802
0.00020000     	19        	1520        	48640       	127.446201  	1.751420    	19.14     	870.769113
0.00030000     	29        	2320        	74240       	124.891445  	1.785080    	18.23     	874.035382
0.00040000     	39        	3120        	99840       	122.509676  	1.803479    	18.30     	884.099268
0.00050000     	49        	3920        	125440      	121.221588  	1.819327    	18.88     	885.567736
0.00060000     	59        	4720        	151040      	119.766076  	1.826774    	18.68     	902.458007
0.00070000     	69        	5520        	176640      	119.253143  	1.837770    	18.73     	863.637306
0.00080000     	79        	6320        	202240      	118.409578  	1.882452    	17.62     	853.273208
0.00090000     	89        	7120        	227840      	116.794489  	1.823732    	19.49     	862.636984
0.00100000     	99        	7920        	253440      	117.606680  	1.880378    	17.86     	899.318453
0.00099973     	109       	8720        	279040      	117.276724  	1.875112    	18.70     	836.505765
0.00099890     	119       	9520        	304640      	115.187476  	1.908683    	18.88     	872.026098
0.00099753     	129       	10320       	330240      	114.119994  	1.898207    	19.28     	853.881682
0.00099562     	139       	11120       	355840      	112.936434  	1.882308    	18.70     	903.003617
0.00099316     	149       	11920       	381440      	112.834750  	1.916148    	18.60     	863.420007
0.00099017     	159       	12720       	407040      	111.992430  	1.985278    	18.83     	843.981689
0.00098663     	169       	13520       	432640      	112.253896  	1.955940    	18.63     	873.543898
0.00098257     	179       	14320       	458240      	111.202039  	1.967814    	19.80     	879.577405
0.00097798     	189       	15120       	483840      	110.583146  	2.013441    	18.24     	891.754372
0.00097286     	199       	15920       	509440      	111.238508  	1.996645    	18.32     	876.855372
0.00096723     	209       	16720       	535040      	110.515063  	1.959144    	18.74     	850.261002
0.00096110     	219       	17520       	560640      	109.937183  	2.032952    	18.09     	866.023138
0.00095446     	229       	18320       	586240      	110.311954  	1.978162    	18.70     	883.724683
0.00094733     	239       	19120       	611840      	110.624690  	1.936823    	20.20     	856.759819
0.00093971     	249       	19920       	637440      	109.128285  	1.974517    	19.28     	866.748444
0.00093162     	259       	20720       	663040      	109.417149  	1.868380    	17.48     	880.347217
0.00092307     	269       	21520       	688640      	109.168765  	2.014660    	18.68     	873.877753
0.00091406     	279       	22320       	714240      	108.454360  	1.971842    	19.62     	876.020348
0.00090460     	289       	23120       	739840      	109.374884  	1.928936    	19.02     	882.699915
0.00089472     	299       	23920       	765440      	108.362596  	1.993918    	18.02     	878.757695
0.00088442     	309       	24720       	791040      	107.693253  	2.002925    	19.73     	880.676538
0.00087370     	319       	25520       	816640      	107.461163  	2.039732    	18.51     	899.547997
0.00086260     	329       	26320       	842240      	107.604429  	1.974966    	18.91     	869.733272
0.00085111     	339       	27120       	867840      	107.618435  	1.956996    	19.83     	857.426260
0.00083925     	349       	27920       	893440      	106.970567  	2.022501    	19.51     	890.031314
0.00082705     	359       	28720       	919040      	106.685645  	2.039659    	18.88     	893.522796
0.00081450     	369       	29520       	944640      	107.279142  	1.981895    	19.80     	871.594887
0.00080164     	379       	30320       	970240      	106.451453  	2.075407    	20.17     	892.004815
0.00078846     	389       	31120       	995840      	104.645972  	2.098121    	18.94     	888.827217
0.00077500     	399       	31920       	1021440     	106.291450  	2.013459    	18.55     	884.532308
0.00076126     	409       	32720       	1047040     	105.152857  	2.098269    	18.67     	885.664129
0.00074727     	419       	33520       	1072640     	105.075573  	2.014227    	18.67     	875.576565
0.00073303     	429       	34320       	1098240     	106.015903  	2.119643    	19.58     	873.092445
0.00071857     	439       	35120       	1123840     	103.986532  	2.135553    	17.64     	905.747479
0.00070391     	449       	35920       	1149440     	103.228588  	2.141479    	18.90     	883.186123
0.00068906     	459       	36720       	1175040     	102.865840  	2.104363    	18.41     	885.915663
0.00067404     	469       	37520       	1200640     	103.369001  	2.151199    	19.75     	898.387521
0.00065886     	479       	38320       	1226240     	101.631190  	2.153810    	18.20     	887.509524
0.00064356     	489       	39120       	1251840     	100.863721  	2.076625    	18.49     	866.378324
0.00062814     	499       	39920       	1277440     	101.245980  	2.173758    	18.95     	826.693080
0.00061263     	509       	40720       	1303040     	101.350580  	2.117589    	19.09     	814.597826
0.00059704     	519       	41520       	1328640     	102.529643  	2.110992    	20.43     	859.314439
0.00058139     	529       	42320       	1354240     	101.015086  	2.228820    	18.87     	873.561783
0.00056570     	539       	43120       	1379840     	100.114165  	2.186171    	19.42     	854.248530
0.00055000     	549       	43920       	1405440     	99.883174   	2.137594    	20.07     	843.234343
0.00053430     	559       	44720       	1431040     	99.649628   	2.109611    	18.42     	819.666548
0.00051861     	569       	45520       	1456640     	100.267463  	2.209013    	20.41     	846.323259
0.00050296     	579       	46320       	1482240     	98.364827   	2.175958    	18.38     	829.444230
0.00048737     	589       	47120       	1507840     	98.085672   	2.198635    	20.23     	848.349772
0.00047186     	599       	47920       	1533440     	97.593873   	2.309453    	18.13     	845.220401
0.00045644     	609       	48720       	1559040     	97.041772   	2.220750    	19.56     	834.197995
0.00044114     	619       	49520       	1584640     	96.979330   	2.301890    	18.56     	846.682054
0.00042596     	629       	50320       	1610240     	96.334660   	2.272621    	19.31     	848.226545
0.00041094     	639       	51120       	1635840     	95.558122   	2.335011    	19.66     	824.622186
0.00039609     	649       	51920       	1661440     	95.468723   	2.291469    	19.28     	817.978456
0.00038143     	659       	52720       	1687040     	95.333275   	2.336712    	19.46     	845.569853
0.00036697     	669       	53520       	1712640     	94.448967   	2.268788    	19.22     	838.177267
0.00035273     	679       	54320       	1738240     	94.068969   	2.265016    	19.65     	831.700325
0.00033874     	689       	55120       	1763840     	93.861705   	2.232432    	19.73     	826.334631
0.00032500     	699       	55920       	1789440     	93.907427   	2.312424    	20.49     	831.631008
0.00031154     	709       	56720       	1815040     	92.953618   	2.301222    	19.33     	858.783561
0.00029836     	719       	57520       	1840640     	92.413571   	2.363865    	18.76     	831.913111
0.00028550     	729       	58320       	1866240     	92.646450   	2.330740    	19.27     	832.017484
0.00027295     	739       	59120       	1891840     	91.999924   	2.408227    	19.11     	837.722365
0.00026075     	749       	59920       	1917440     	90.983354   	2.381573    	19.47     	841.893195
0.00024889     	759       	60720       	1943040     	90.604250   	2.359270    	20.01     	862.703893
0.00023740     	769       	61520       	1968640     	90.449721   	2.378976    	19.06     	849.862452
0.00022630     	779       	62320       	1994240     	89.849147   	2.392838    	19.57     	827.703333
0.00021558     	789       	63120       	2019840     	89.632244   	2.373211    	19.72     	865.022254
0.00020528     	799       	63920       	2045440     	89.463780   	2.507963    	18.81     	865.999373
0.00019540     	809       	64720       	2071040     	88.826966   	2.457416    	19.84     	844.423609
0.00018594     	819       	65520       	2096640     	88.735581   	2.377335    	20.18     	839.539230
0.00017693     	829       	66320       	2122240     	88.187158   	2.400993    	19.02     	845.684106
0.00016838     	839       	67120       	2147840     	88.315088   	2.453408    	19.55     	855.303560
0.00016029     	849       	67920       	2173440     	87.745650   	2.492829    	19.60     	851.257822
0.00015267     	859       	68720       	2199040     	87.258219   	2.492224    	19.49     	855.055887
0.00014554     	869       	69520       	2224640     	87.481415   	2.468201    	19.99     	848.274853
0.00013890     	879       	70320       	2250240     	86.991778   	2.465940    	19.72     	868.655926
0.00013277     	889       	71120       	2275840     	86.565986   	2.446717    	19.89     	856.894596
0.00012714     	899       	71920       	2301440     	86.697280   	2.479079    	19.77     	813.232335
0.00012202     	909       	72720       	2327040     	86.094027   	2.470371    	18.96     	821.546565
0.00011743     	919       	73520       	2352640     	85.922383   	2.499332    	18.65     	853.439935
0.00011337     	929       	74320       	2378240     	86.006731   	2.508533    	20.55     	873.784075
0.00010983     	939       	75120       	2403840     	86.028497   	2.447672    	20.31     	851.519228
0.00010684     	949       	75920       	2429440     	85.374093   	2.520408    	20.09     	861.233298
0.00010438     	959       	76720       	2455040     	85.580361   	2.537402    	20.20     	854.326665
0.00010247     	969       	77520       	2480640     	84.887867   	2.494159    	19.33     	860.039090
0.00010110     	979       	78320       	2506240     	84.977568   	2.529738    	20.83     	850.752040
0.00010027     	989       	79120       	2531840     	85.250373   	2.494004    	19.50     	852.929778
0.00010000     	999       	79920       	2557440     	84.710802   	2.518599    	19.27     	840.204030
