Learning Rate	Epoch	BatchNum	DataNum	TrainLoss	TestLoss	TestAcc	Time
0.00010000     	9         	1440        	23040       	255.873217  	1.680725    	15.68     	1749.368696
0.00020000     	19        	3040        	48640       	247.170855  	1.793994    	12.02     	1704.770521
0.00030000     	29        	4640        	74240       	240.609257  	1.903440    	12.00     	2262.295642
0.00040000     	39        	6240        	99840       	234.691679  	1.955443    	14.30     	1951.826449
0.00050000     	49        	7840        	125440      	228.484728  	2.047107    	13.76     	2081.240935
0.00060000     	59        	9440        	151040      	221.847115  	2.113512    	14.22     	1834.610228
0.00070000     	69        	11040       	176640      	213.164515  	2.014843    	17.23     	1780.061074
0.00080000     	79        	12640       	202240      	204.456826  	2.010945    	17.09     	2123.100833
0.00090000     	89        	14240       	227840      	198.142506  	1.957677    	21.88     	1377.051362
0.00100000     	99        	15840       	253440      	184.293465  	1.853800    	25.88     	1609.504785
0.00099973     	109       	17440       	279040      	166.057095  	1.626970    	35.96     	1426.385075
0.00099890     	119       	19040       	304640      	138.289594  	1.292022    	48.96     	1910.312256
0.00099753     	129       	20640       	330240      	119.077113  	1.140576    	52.81     	1652.002747
0.00099562     	139       	22240       	355840      	109.333512  	1.030180    	57.02     	1427.904074
0.00099316     	149       	23840       	381440      	102.337575  	0.944299    	59.80     	1857.915702
0.00099017     	159       	25440       	407040      	97.819647   	1.001885    	58.29     	1404.831695
0.00098663     	169       	27040       	432640      	95.342532   	0.881486    	60.79     	2171.768470
0.00098257     	179       	28640       	458240      	92.370330   	0.887659    	62.61     	1651.323612
0.00097798     	189       	30240       	483840      	89.554683   	0.889768    	61.96     	1473.145576
0.00097286     	199       	31840       	509440      	87.137220   	0.870776    	61.48     	1739.450162
0.00096723     	209       	33440       	535040      	85.267973   	0.888555    	61.19     	1726.397249
0.00096110     	219       	35040       	560640      	84.263109   	0.810850    	63.38     	1457.957879
0.00095446     	229       	36640       	586240      	82.911916   	0.850754    	62.35     	1650.621259
0.00094733     	239       	38240       	611840      	81.234854   	0.823498    	64.62     	1719.118898
0.00093971     	249       	39840       	637440      	80.169223   	0.827750    	63.71     	2460.676961
0.00093162     	259       	41440       	663040      	78.274773   	0.750588    	70.80     	1959.827726
0.00092307     	269       	43040       	688640      	56.191863   	0.647503    	75.43     	1508.501460
0.00091406     	279       	44640       	714240      	48.331351   	0.617677    	76.51     	1621.008144
0.00090460     	289       	46240       	739840      	45.464674   	0.626058    	76.46     	1623.712124
0.00089472     	299       	47840       	765440      	44.866095   	0.571617    	77.73     	2268.470112
0.00088442     	309       	49440       	791040      	43.864357   	0.566344    	77.55     	1483.599253
0.00087370     	319       	51040       	816640      	41.922205   	0.677485    	74.02     	1710.289498
0.00086260     	329       	52640       	842240      	41.339595   	0.629910    	75.09     	1735.242370
0.00085111     	339       	54240       	867840      	40.948696   	0.562590    	79.05     	1773.277991
0.00083925     	349       	55840       	893440      	40.087686   	0.617968    	76.56     	2037.344241
0.00082705     	359       	57440       	919040      	39.287595   	0.566987    	77.73     	1717.307162
0.00081450     	369       	59040       	944640      	37.949475   	0.542002    	79.63     	1375.238016
0.00080164     	379       	60640       	970240      	36.894176   	0.564946    	78.40     	2506.903704
0.00078846     	389       	62240       	995840      	36.317569   	0.619660    	74.89     	1729.152077
0.00077500     	399       	63840       	1021440     	34.708821   	0.551611    	79.12     	1843.423051
0.00076126     	409       	65440       	1047040     	33.833959   	0.518132    	79.84     	2152.750244
0.00074727     	419       	67040       	1072640     	33.904145   	0.533833    	79.28     	1766.891804
0.00073303     	429       	68640       	1098240     	33.419494   	0.552754    	78.10     	1831.400812
0.00071857     	439       	70240       	1123840     	30.388835   	0.465162    	81.48     	2035.608029
0.00070391     	449       	71840       	1149440     	25.805720   	0.487521    	81.45     	1439.156055
0.00068906     	459       	73440       	1175040     	22.617942   	0.443132    	81.89     	2268.505148
0.00067404     	469       	75040       	1200640     	20.461086   	0.377071    	85.51     	2323.903454
0.00065886     	479       	76640       	1226240     	19.040829   	0.354749    	85.12     	1936.670346
0.00064356     	489       	78240       	1251840     	18.192799   	0.363434    	84.66     	1697.092571
0.00062814     	499       	79840       	1277440     	17.249119   	0.323124    	86.42     	2046.937155
0.00061263     	509       	81440       	1303040     	16.676794   	0.323091    	87.28     	2235.742481
0.00059704     	519       	83040       	1328640     	16.138342   	0.324561    	86.75     	2187.074209
0.00058139     	529       	84640       	1354240     	15.583049   	0.276260    	88.38     	1879.281794
0.00056570     	539       	86240       	1379840     	15.303441   	0.301598    	87.58     	2515.963731
0.00055000     	549       	87840       	1405440     	14.738186   	0.305231    	86.99     	1747.751856
0.00053430     	559       	89440       	1431040     	14.570510   	0.296143    	87.73     	1948.753486
0.00051861     	569       	91040       	1456640     	14.610060   	0.321614    	86.77     	2006.203720
0.00050296     	579       	92640       	1482240     	14.200322   	0.297583    	87.14     	2475.781799
0.00048737     	589       	94240       	1507840     	13.867483   	0.291100    	87.94     	1751.463433
0.00047186     	599       	95840       	1533440     	13.856112   	0.303998    	86.62     	2257.216090
0.00045644     	609       	97440       	1559040     	13.692244   	0.302661    	86.91     	1640.866858
0.00044114     	619       	99040       	1584640     	13.036644   	0.277384    	87.90     	2046.606845
0.00042596     	629       	100640      	1610240     	12.989587   	0.288425    	87.67     	1690.963226
0.00041094     	639       	102240      	1635840     	13.056236   	0.311254    	86.70     	2319.266420
0.00039609     	649       	103840      	1661440     	12.890669   	0.311280    	86.65     	2181.760531
0.00038143     	659       	105440      	1687040     	12.510399   	0.282295    	87.66     	1794.917642
0.00036697     	669       	107040      	1712640     	12.116200   	0.284022    	88.04     	2593.892667
0.00035273     	679       	108640      	1738240     	12.465369   	0.256495    	89.30     	1579.937898
0.00033874     	689       	110240      	1763840     	11.721748   	0.256856    	89.16     	1840.408264
0.00032500     	699       	111840      	1789440     	11.885542   	0.271950    	88.14     	2320.868536
0.00031154     	709       	113440      	1815040     	11.668562   	0.270049    	88.31     	1379.823635
0.00029836     	719       	115040      	1840640     	11.438515   	0.256382    	88.73     	2394.586374
0.00028550     	729       	116640      	1866240     	11.569339   	0.287653    	87.68     	1650.883113
0.00027295     	739       	118240      	1891840     	10.966435   	0.275108    	88.30     	2140.214115
0.00026075     	749       	119840      	1917440     	11.119319   	0.255014    	89.27     	1604.727554
0.00024889     	759       	121440      	1943040     	10.977702   	0.276215    	88.33     	1865.701208
0.00023740     	769       	123040      	1968640     	10.643320   	0.245687    	89.75     	2230.673480
0.00022630     	779       	124640      	1994240     	11.090295   	0.252174    	89.04     	1740.768586
0.00021558     	789       	126240      	2019840     	10.702736   	0.278912    	88.23     	1880.896124
0.00020528     	799       	127840      	2045440     	10.269304   	0.269929    	88.66     	2136.193720
0.00019540     	809       	129440      	2071040     	10.581123   	0.262483    	88.55     	2285.009048
0.00018594     	819       	131040      	2096640     	10.394833   	0.262399    	88.59     	2229.437282
0.00017693     	829       	132640      	2122240     	10.260977   	0.254025    	88.65     	2230.303224
0.00016838     	839       	134240      	2147840     	10.185767   	0.267835    	88.23     	2061.160200
0.00016029     	849       	135840      	2173440     	10.167822   	0.285442    	87.64     	1778.223302
0.00015267     	859       	137440      	2199040     	10.439126   	0.266234    	88.73     	1423.828959
0.00014554     	869       	139040      	2224640     	10.375412   	0.248238    	89.06     	2257.823650
0.00013890     	879       	140640      	2250240     	9.632338    	0.236889    	90.25     	1562.121895
0.00013277     	889       	142240      	2275840     	10.002789   	0.260365    	88.74     	2089.886881
0.00012714     	899       	143840      	2301440     	10.164612   	0.246720    	89.01     	2322.684834
0.00012202     	909       	145440      	2327040     	9.880381    	0.264815    	88.93     	2115.421158
0.00011743     	919       	147040      	2352640     	9.654411    	0.245480    	89.26     	2247.385018
0.00011337     	929       	148640      	2378240     	9.476039    	0.259800    	88.34     	2318.080591
0.00010983     	939       	150240      	2403840     	9.912248    	0.223836    	90.23     	1646.955952
0.00010684     	949       	151840      	2429440     	9.849939    	0.246948    	89.53     	2350.361616
0.00010438     	959       	153440      	2455040     	9.766270    	0.233964    	90.09     	1707.026588
0.00010247     	969       	155040      	2480640     	10.118915   	0.258828    	88.46     	2036.362569
0.00010110     	979       	156640      	2506240     	9.319423    	0.235289    	89.58     	2191.916631
0.00010027     	989       	158240      	2531840     	9.603878    	0.213122    	91.16     	1621.962024
0.00010000     	999       	159840      	2557440     	9.677281    	0.244728    	89.61     	1686.746519
